1	552824
10	162933
100	19287
10009	15260
1001	43181
1002	35792
10029	10119
1003	203145
10035	11393
10036	11339
1004	81402
1005	140566
1006	85091
1007	68237
10072	10904
10076	19598
10079	11089
10081	11598
10086	13215
1009	28543
10090	11166
10092	11122
101	86953
10102	16055
1011	22464
10115	25060
1012	134468
1014	42963
10142	12240
1015	34489
1016	11528
1018	13063
1019	98127
102	155950
1020	135856
1021	24835
1022	74627
1023	71098
1024	231403
10246	13310
10248	16576
1025	73066
10251	12136
10254	12452
1026	32564
10262	10895
1027	64761
10277	10737
1028	59764
10283	20034
10287	14169
1029	282818
10291	42672
10292	14674
10293	24650
103	68319
1030	25033
10307	13706
1031	81600
10314	12064
1032	151544
1033	32127
1034	260396
10340	11039
1035	56605
10353	13929
1036	12031
10362	21689
1037	15807
10388	11381
10389	13083
10390	18842
104	22052
1040	58695
10406	22966
1041	24535
10411	12682
1042	65471
10424	21565
10429	26978
1043	62746
10439	14111
1044	57542
10441	22058
10442	12823
10444	23396
10449	13312
1045	158656
10452	11251
1046	104203
1047	58506
10474	11823
10476	14385
10478	11282
1048	36929
1049	131195
1050	36667
10503	12406
10509	22000
1051	411337
10511	14410
10516	11196
1052	53243
1053	98653
1054	208826
10541	24440
1055	145397
1056	200880
10562	16932
10563	11611
10567	11481
1057	53689
10580	22924
1059	135916
10597	13440
10598	10859
106	11849
1060	36940
10601	36951
10606	12501
1061	94761
10616	19202
1062	49917
1063	26799
1064	95316
1066	22475
1067	55712
1068	56169
10687	16587
1069	45822
107	149864
1070	24865
10703	11367
10711	32835
10716	10226
10718	13224
1072	42057
10721	13534
10723	14888
1073	20192
1074	64112
10749	10201
1075	130164
10751	12739
10752	11352
10759	17080
1076	16788
1077	214783
1079	71173
10791	18113
108	76905
1080	10799
1081	21025
1082	81828
1083	11844
1084	21862
10854	13865
1086	31024
1087	84094
1088	201061
1089	63298
10892	11710
10895	22965
109	179970
1090	18196
1091	63200
1093	73288
1094	46443
1095	204210
10956	10408
1096	56725
10966	14728
1097	60431
10972	19014
10979	11694
1098	225954
10985	27035
10989	10054
1099	10425
10991	12752
1100	44237
11005	11609
11006	12174
11007	19903
11009	60314
1101	77011
1102	70715
11022	22790
11028	36107
1103	105091
1105	82345
11063	16014
11069	13681
1108	21059
1109	64555
11091	17496
1111	140615
11110	15458
1112	200586
1113	38614
11131	39698
1114	206938
11146	12931
11154	13879
11158	27519
1117	77038
1118	88908
1119	63818
112	296779
1120	74003
11200	12534
1121	133113
11211	12081
11223	10446
1123	31247
1124	21259
11240	16001
11242	14688
11257	10524
11258	21737
1126	38436
1127	55391
1128	22502
11286	22734
11287	10575
1129	35374
11295	10697
11298	13781
1130	95271
11302	14539
1131	114462
11317	28397
1132	57293
11323	10661
1133	10052
1134	11300
1135	56541
1136	170575
11368	25137
1137	69279
1138	78995
1139	127211
114	67733
1140	20546
1141	44218
11410	10469
1142	16898
1143	12879
11431	13440
1144	167505
11461	10594
1147	14679
1148	37192
11482	13331
11484	17043
1149	173105
11498	10240
115	67396
1150	74869
11507	13415
1151	86964
11517	19152
11524	14562
1153	131998
11530	15516
1155	40925
1156	168563
1157	114688
1158	227284
11586	10060
1159	26805
11597	13651
116	360238
1160	10266
1161	108195
11616	11088
1162	16619
11623	12102
11629	14550
1163	41322
11631	16335
11633	10708
11637	39425
1164	30437
1165	76415
11652	11095
1166	96062
11662	10972
1167	35731
11675	11195
1168	19317
11681	10005
11687	16141
1169	145239
11691	12652
11698	20395
117	150306
1170	173513
1171	26594
11715	14633
1172	199611
11724	15705
1173	95879
1174	160194
1175	84592
11766	21821
1178	10678
1179	70672
11800	10719
11806	10491
1181	226433
1182	104580
1183	58216
11834	11761
1184	11730
1185	50042
11855	10335
1186	22551
11868	12728
1187	82017
11871	12307
11875	10543
1188	14272
1189	16469
119	109156
1190	60165
1191	115513
1192	21632
1193	101198
1194	53469
1195	191863
1196	80789
11960	16780
11966	19808
1197	11650
11972	24932
11974	11403
1199	67085
11996	11629
12	66451
1200	129780
12004	28385
12009	22860
12018	10250
1203	162865
1204	101142
12042	10649
1205	126707
1206	264919
12074	25150
1208	166879
1209	37687
121	726516
1210	116704
1211	58993
1212	51430
1214	12723
1215	122541
1217	23179
1218	30068
1219	60333
122	1429525
1220	18771
12201	16362
12209	12705
1221	38740
1222	41124
12226	12360
1223	10677
12231	33850
12237	10880
1225	29597
1226	141409
1227	38397
1228	219569
12284	14309
12285	11576
1229	102400
12296	16477
123	386973
1230	46897
12302	10873
1231	56772
12311	11717
12316	10256
1232	70144
12323	18066
12324	12295
1233	103817
1234	53435
1235	30009
12351	24159
1236	260781
1237	34934
12374	12289
1238	29168
12391	14260
124	887358
1240	84614
1241	213946
12412	16191
12413	13949
12415	13938
1242	262529
12422	13999
12424	14321
1243	103911
12436	11638
1244	220543
1245	11351
1247	104590
12478	12905
1248	136146
12489	11327
12499	12951
12500	12975
1251	13777
12517	14455
12518	11430
1255	35615
1256	67262
1257	80486
12574	20880
12579	23287
1258	12069
12583	12132
12597	22060
126	166809
12601	18598
1261	50075
12610	19416
12618	20808
1262	11351
12623	13503
12627	13426
1263	16874
12630	19327
1264	15289
1265	19949
1266	33304
1267	32696
12670	18423
1268	49169
12689	11433
1269	96815
127	86795
1270	140652
1273	24596
1274	15758
12743	10948
12759	11627
1276	19354
1277	35870
1278	115165
1279	48137
1280	46922
1281	214305
1283	61295
12835	11452
1284	12269
12849	11222
1285	251320
1286	115512
12861	10759
1287	14666
1288	77747
1289	100272
12891	18447
129	77237
1291	74547
1292	107272
1293	12929
12964	20800
1297	32857
129748	19162
1298	98016
1299	125329
13	207159
130	76948
1300	76454
1302	10397
13029	14088
1303	60728
13030	13485
13036	11518
13037	12556
1304	123526
13041	11747
13045	14643
13048	10133
13056	10001
1306	39466
1307	14175
1308	111234
1309	23073
131	72690
1310	79084
1311	63451
1312	178240
1313	58760
13132	12055
13146	10948
13173	16636
13178	12709
13179	12245
1319	14200
1320	62977
1321	28354
13220	10334
1323	30938
1324	184147
1325	45565
1328	41668
133	119970
13317	32998
1334	15941
1335	100021
13379	15674
1338	35271
1339	80024
13395	13617
13396	13031
13397	14264
13398	28838
134	87732
13400	30986
13402	27996
1341	70141
13413	22050
13415	16473
1342	97659
13422	21787
13424	10595
1344	96091
13440	11584
1345	257722
13456	11237
1347	124537
1349	132817
1350	38755
13504	10823
13506	13112
13508	14688
1351	26283
13512	21394
13520	15017
13522	23350
13548	11572
1355	32922
13554	13628
1356	16718
1357	25528
136	63734
1360	120493
1361	88195
1362	11662
1364	13813
13643	12304
13644	11577
13663	14288
13666	23188
13677	12302
1368	176839
13684	21037
13692	28254
137	33960
13710	10705
13738	13195
13758	11954
13779	36482
13782	10062
13797	20700
138	299049
13801	36909
1381	20202
1382	25146
13834	13906
13837	14357
1385	75956
13854	17797
1386	33900
1387	13875
13880	10952
13895	23521
139	62192
13900	17464
1391	19777
13921	11250
13933	12314
13934	10571
13964	10753
13969	16915
1397	10805
13976	13396
14	359357
140	422020
1400	14268
1401	44023
1402	86985
14037	14310
14039	10174
1404	38587
14045	11662
14060	10054
14063	14499
1407	34199
14095	18596
141	41082
1411	50664
1413	54414
14161	13254
1417	114652
14172	13124
1419	30599
142	372938
14200	12476
14201	10428
14202	14988
14204	16302
1421	11114
1422	16225
1423	127407
14238	12000
1424	30003
14246	11712
1425	47735
1426	13703
1427	81739
1428	11666
143	67682
1432	179303
1433	21036
1434	21896
1436	15286
14386	15008
14391	13583
144	75387
1440	194848
14419	17560
1442	40535
14420	11193
14422	14160
14438	12491
14442	11166
14454	18931
1446	49019
14466	13340
1447	40630
14477	11296
14483	11583
1449	13427
145	27982
14503	14276
1451	38551
14512	10068
1452	77164
14525	11744
14536	37814
14547	19366
14557	10788
1456	29305
14562	12688
14563	15472
14567	13968
1458	160730
1459	16844
14590	18062
14596	27715
146	674412
1460	65212
14602	11407
1461	23797
14611	13438
14617	12155
1463	60097
1466	55991
1467	25161
147	397705
1472	22750
14723	11945
1473	19898
14737	13966
1476	128037
1477	55007
1478	34956
14788	11132
1479	13691
148	96464
1480	13815
1481	17027
1482	18676
1483	21032
14833	28584
1484	32976
14848	20223
1485	21738
1486	15605
14868	13131
1487	26049
14872	13610
149	634232
1490	44105
14901	12983
14903	17968
14909	13391
1491	11959
1497	11419
1498	19983
1499	27549
150	677637
1502	40556
1503	15876
1504	15246
15042	11364
1505	31437
1506	40337
15062	10189
1507	26696
15079	10981
1508	17527
1510	27628
1512	12511
1514	26499
15153	20100
1517	24191
152	166076
1521	23041
1523	193087
1524	27789
1526	10744
1527	16101
1529	32169
153	54112
15319	12033
1532	25084
1535	12763
1536	14062
1539	165495
154	215059
15401	11500
1541	20141
1543	12362
1544	20410
1551	24686
1554	80849
1558	64493
1559	18745
156	23499
1562	12777
1564	10868
1566	134567
1567	14351
15677	10739
15692	16324
157	303011
1570	11735
1571	11581
1572	45782
1574	12180
1575	55733
1576	180614
1577	29009
1578	55998
158	675209
1581	49294
1582	14073
1583	22269
159	11541
1590	88025
1591	13062
1595	44148
1596	34790
1597	16704
1598	100810
1599	54549
16001	14088
1602	19213
1603	85317
1605	105058
1606	13892
1608	16769
1616	113947
1619	116197
1620	16999
1621	65561
1622	116556
1623	33402
1624	47277
1625	111364
1626	32314
1627	109977
1628	18422
1629	157328
163	12472
1632	53612
1633	50590
1634	13186
1636	15815
1637	23307
164	113690
1640	125996
1642	13819
1643	57093
1644	18716
1646	14912
1648	167780
1649	34474
165	197400
1651	63709
1652	13577
1654	118352
1655	10093
1657	33965
1658	14294
1659	183745
166	36559
1661	76461
1662	51922
1663	10811
1664	56989
1666	52423
1668	126261
167	129451
1670	91707
1671	26372
16717	11432
16718	13296
1672	51787
1673	32159
1676	135697
1678	36151
168	226593
1681	45674
1682	229812
16821	28170
1683	16855
1685	48140
1686	62445
169	48076
1690	11414
1691	48779
1692	46729
1693	90457
1694	62336
1698	83618
1699	186561
17	23640
1700	161296
1703	12123
1704	10251
1708	15188
171	793840
1710	100986
17107	11678
1711	57926
1712	48897
1713	24841
1716	10376
17168	11133
17175	12285
17182	11069
1719	21947
172	102344
1721	145758
1722	115056
1723	34750
1724	37899
1726	47015
1727	57404
1729	23291
173	95529
1732	73911
1733	21245
1736	62410
17374	12809
1738	88686
1739	61050
17396	10007
174	186863
17400	10291
17414	11247
1742	10014
1744	46322
17444	12167
17449	21719
1745	39466
17455	10780
1746	12934
17472	10394
17476	12899
1749	79804
175	99179
1750	12459
1752	37659
17539	17019
1757	48557
1758	22565
1759	96723
17590	15288
176	28806
1760	33152
1761	23139
1762	138790
1764	78478
1765	87645
17655	19858
1766	78454
1767	45176
1768	25233
17680	11261
17682	57839
177	168880
1770	23333
1771	67783
1772	89783
1773	60530
1774	32698
1775	64990
1776	25967
1777	63262
1778	10529
1779	31503
17795	13899
178	82997
1780	27431
1781	75622
1783	45179
17837	12447
1786	107992
1789	72395
179	256293
1790	86922
1791	53107
17913	11068
1793	301685
1795	58514
1796	61486
1797	107981
1798	67789
1799	23374
18	221901
180	10048
1801	252414
1802	56736
1805	28554
1806	61925
18067	17874
18069	18205
1807	104517
1808	21293
181	141882
1811	15450
1812	44280
1813	29279
18137	11926
1815	16253
18153	10863
1816	51237
18173	13899
1818	55698
1819	18063
182	116291
1821	116916
18226	10508
1823	148759
1825	26923
1826	64190
1827	178476
18278	14679
1828	117125
1829	82429
183	66066
1835	190753
1837	85980
184	81582
1842	15464
1849	79909
18496	22621
185	306545
1851	38162
18518	15088
18523	10240
18526	10751
1860	35077
18644	11217
18649	10238
18660	11593
187	221635
18728	14821
18734	11742
18795	30780
18796	27780
188	136592
18814	10539
18817	22304
18877	16680
18883	11763
189	126317
18901	12191
18906	11289
189637	14530
18975	25443
19	109377
190	106861
19042	11602
191	202703
1914	17252
1916	37943
19185	11080
1919	102121
1920	82484
1921	24482
1922	10271
1923	82215
1924	34619
19240	10131
1925	49233
19254	26113
1926	14476
1927	98132
19272	14226
1929	72281
19290	12324
193	82901
1932	56780
19320	12339
1933	70248
1934	35020
19352	10064
1938	24912
1939	66001
1940	40115
1941	16860
1942	12803
1943	13410
1944	12794
1945	20271
1946	16868
19464	11559
19485	10313
1949	17518
195	155450
1950	70223
19502	13053
19503	15108
1951	126776
1952	27990
1953	40793
1954	53334
19542	16419
1955	12788
19551	11639
1957	45543
1958	67118
1959	32187
1960	10730
1962	31591
1963	38322
1964	55817
1965	65837
1967	37144
19676	10814
1968	21500
1969	10747
19696	10589
197	21072
1970	90972
1971	11875
19716	12119
1972	14073
1974	37623
1975	45777
1977	231647
1978	34933
1979	104071
198	206777
1980	10104
19824	12885
1983	30645
1986	32064
1988	11901
19897	11204
199	99792
1992	135892
1993	21730
19944	10118
1995	67534
1996	104600
1997	23496
19976	11241
1998	33876
2	128409
20	433849
200	76920
2002	96596
2003	62159
2004	24662
2005	19118
2006	10492
20063	10600
2007	20594
2008	86735
2009	16959
201	12031
2010	35648
20100	14326
20105	13326
20122	10067
2013	14568
2014	14000
2015	29086
2016	15031
2018	21981
202	243983
2021	58441
20210	15423
20232	10955
2024	123567
2025	76539
2026	28774
20266	10220
2027	12958
2028	41778
20281	10184
20290	11541
203	56992
2033	55959
20362	10310
2037	95057
2040	61486
2041	10680
205	46790
2050	71982
20519	12692
2052	86715
20528	11890
20533	10550
2054	11918
20547	19741
2055	45675
20557	11355
20559	10180
20564	10770
2058	106627
206	221045
2061	42392
2063	75161
2065	71167
2069	10719
20695	11199
207	135272
2071	44471
2073	13344
2074	101163
2075	23018
20753	15020
2076	135329
2077	132974
20773	10006
2078	73249
2079	64587
208	356907
2080	81386
2082	28493
2086	76100
2087	26858
2088	53596
20881	10543
2089	102676
209	91350
2095	10285
2097	39220
2099	39704
21	300275
210	73182
2100	32091
2102	70621
2103	32123
21034	15359
2104	99211
2105	38101
2107	68858
211	91263
2110	40815
2111	21723
2112	13077
2116	22676
2117	14704
2118	63660
2119	20937
212	61946
2120	97285
2121488	10469
2121489	10859
2122	98800
2122935	18618
2123	28723
2127	100774
213	242021
2130	15931
2131	72862
2132	35242
2134	14574
2136	115475
2137	34512
214	40790
2140	137373
2141	10061
2142	66063
2144	83907
2145	79044
21451	10480
2146	25405
2147	45685
2148	85153
215	120662
2150	135722
2152	30743
2153	18662
2154	168449
2158	10249
2159	85894
216	183014
2161	26106
2163	129528
2164	12835
21652	12008
21661	11197
2168	41359
217	170669
2173	15062
2174	64642
2176	26659
2178	78684
2179	161818
218	52530
2180	42942
2181	48739
2182	43154
2184	41814
2188	181547
2189	80670
219	116302
2190	15739
2191	39034
2192	27396
2194	16811
21943	12711
2195	13763
2197	13351
22	552854
220	461332
2201	66879
2202	25485
2203	29946
22071	10809
2208	35250
2209	19710
221	191408
2210	29947
2212	46815
2213	21018
2214	58841
2216	21688
2217	25245
2218	31662
2219	98321
222	54892
2220	100372
2221	68572
2223	35197
2224	64765
2225	73357
2226	160572
2227	61083
2228	34648
22292	11885
2230	15330
2231	111369
2232	65989
2233	21799
2234	86422
2235	93626
2236	14441
2238	23907
2239	36205
2240	80444
22404	18738
2242	60394
2243	69035
22430	17068
2244	24372
2245	28055
2246	27989
2247	49081
225	247238
2250	20956
2251	100577
2254	24824
2255	89184
2256	49797
2257	142590
2258	41282
2259	10154
22625	16733
2264	134966
22646	13385
2266	22087
2269	10705
227	80389
2270	29348
2271	111858
2272	68196
2276	40665
2277	13912
2278	26767
228	287323
2280	33480
2281	32553
22818	10694
2283	14264
2285	14060
22859	10650
2286	23578
2288	56710
2294	149429
2295	34863
2296	13696
2297	55303
2298	39555
23	64871
230	32537
2300	53209
2302	111327
2303	35161
2304	11820
2305	117462
2307	128832
2308	24185
231	103559
2310	20797
2311	34290
2312	25923
2316	16655
2318	162925
2319	12016
232	64705
2320	10254
2321	15549
2322	29257
2324	12184
2326	45354
2329	10748
233	87107
2330	100699
2334	30810
2335	11639
2336	27861
2339	21551
234	56361
2341	43815
2343	34701
2344	21218
235	23932
2350	85785
2351	13435
23524	17412
2354	28253
2355	174699
2356	10237
2357	38720
2358	18442
236	153623
2361	75559
2362	81634
2364	23080
23682	13112
2369	49582
237	103533
2371	11708
2374	59014
2375	147669
2376	31506
2377	10983
23777	13857
2378	14712
238	288363
2380	178861
23808	11839
23819	14143
2382	23106
2383	17334
2384	20634
23863	12996
2389	137278
239	51622
2390	41016
2391	12109
2392	20879
2393	25216
2397	43397
24	159928
240	26469
2401	18585
2402	132195
2405	19995
2406	24417
240706	10542
2408	11925
241	171121
2411	79659
2413	15775
2417	33195
2418	37986
2419	29614
242	73603
24204	11663
2421	10234
2423	51794
2427	107215
2428	98832
2429	85754
243	144743
2430	49308
2431	20719
2432	17731
2433	88339
2434	86904
2435	63273
2436	69956
2438	57567
2439	120619
244	131076
2441	13344
24431	11760
2446	33342
2449	19814
245	39188
2450	45963
2451	40522
2452	92564
2453	43518
2455	51459
2457	12477
2459	22151
246	84435
2462	29943
2463	35039
2466	20556
247	155210
2470	124662
2473	43136
248	22564
2486	81826
249	100236
2490	75642
2492	86999
24931	12076
2499	66283
250	180038
2506	91127
2507	31995
2512	55866
2519	83861
252	107448
2522	18913
2523	71391
253	73252
2533	105737
2536	22938
2537	23952
254	84002
2541	16208
2543	78191
255	177894
2551	13712
2554	100452
2555	35779
2556	69173
2557	30905
2558	135769
256	52554
2561	84191
2562	29682
2564	12677
2565	25098
2569	11960
2571	13272
2575	61084
2576	12197
258	177816
2581	59201
2583	16344
2584	72152
25888	12415
2589	23106
259	208850
26	13145
260	120629
2608	112198
2609	95766
261	70610
2610	35727
2613	10410
2614	24964
2616	35344
2617	19588
2619	24646
262	14689
26208	10552
2621	28340
2623	23823
2626	82085
2629	14849
263	18932
2632	38977
2633	159380
2634	87296
2635	37393
2636	34267
2638	46962
264	147521
2640	93829
2641	24252
2642	41885
2644	50978
2646	14071
2647	11054
265	23790
2650	13916
2652	41756
2653	17431
2654	23243
2655	20921
2656	15872
2657	13408
2658	75981
266	101558
2661	88533
2663	110513
2664	17249
2665	14493
2669	52255
267	35328
2670	11196
2671	33999
2672	31468
2675	130898
2676	24904
268	61388
2681	31532
2682	40373
2687	78113
269	27447
2690	20955
2691	30257
26915	11324
2692	11348
2693	92841
2697	42626
27	80813
270	45040
2700	18280
2704	12337
271	72765
2710	33715
2711	57971
2712	65930
2713	42886
2716	46127
2718	47734
2719	42275
272	140270
2720	19095
2721	14805
2722	44591
2727	22797
2728	33494
2729	13419
273	66994
2737	55577
2739	20290
274	184481
2745	70679
2747	47916
2748	22582
275	365144
2755	15710
2756	39886
2757	39128
2760	37675
2763	27938
2764	19632
2766	10283
2768	24485
2769	48490
277	54125
2770	43186
2773	91720
2777	18525
2778	14616
2779	11803
278	67853
2780	103612
2781	22507
2784	25958
2785	43790
2786	63632
2787	63250
2789	15385
279	84322
2791	10596
2794	22734
2795	11454
2798	25414
2799	17563
28	32059
280	203204
2800	38354
2801	18151
2802	12810
2805	54764
28054	11015
2806	71016
2807	96997
2808	11876
2809	16308
280965	18869
281	104710
2811	23756
2815	55134
2816	56947
2818	21034
2819	29980
282	121942
2820	42660
2821	96346
2826	56349
2827	62459
2829	136427
283	98166
2831	25338
2832	87448
2833	23085
2834	32884
2835	60102
2836	84540
2837	74882
2838	22643
2841	12955
2842	55794
2844	26590
2845	41662
2846	99382
2847	10366
2848	19568
285	75990
2850	68121
2851	108496
2852	70238
2853	67393
2854	22547
2856	16080
2857	69487
2858	42387
286	93894
2863	77197
2865	15105
287	250125
2870	12192
2871	27387
2873	15589
28746	11520
2875	83904
2876	27362
288	46999
2880	10574
2883	32076
28848	18720
2885	31103
2887	45556
2888	22270
289	48861
2891	17257
2893	41193
2895	13987
2897	66167
2898	30179
2899	14932
29	42055
290	132338
2901	108057
2903	11455
2904	60338
2905	150369
2907	23014
2908	24696
2909	28517
291	104123
2910	30083
2913	28682
2917	14926
2919	42441
292	10000
2922	24598
2924	41902
2925	32118
2927	62003
2928	14193
29289	10226
2929	40394
2930	28169
2932	104941
2935	60187
29357	18232
2936	47862
2937	110719
2938	51582
294	359095
2940	17700
2944	101889
2945	31281
2946	59912
2947	29236
295	239288
2950	22214
2951	33104
2952	12678
2953	27063
2956	58991
296	43017
2963	33499
2964	68136
2966	37830
2969	23524
297	65347
2970	11335
2974	41483
2975	105445
2976	51990
2980	10217
2983	23564
2984	16650
2986	45802
2987	23298
2988	10553
299	106194
2996	70417
2997	15313
2998	15594
3	13993
30	228983
300	12030
3000	42633
3002	10309
3003	81150
3004	18950
3005	32995
3006	78790
3008	19247
301	82294
3015	12126
3018	10314
302	150409
3020	92670
3021	25901
3025	120134
3026	67234
303	147202
3032	39716
304	108877
3041	21690
3042	18244
3044	30387
3045	100537
30497	20137
305	26184
3053	26911
3055	10809
3056	85376
306	282388
3062	14910
3063	12872
3066	20355
307	130637
3071	99148
3072	15234
3076	24921
308	597297
3082	10545
3087	25702
3089	17154
309	35905
31	294845
310	91268
3102	20085
3106	12738
3109	19525
311	51015
3111	12723
3112	10612
3114	60519
3115	53785
3116	17757
312	256021
3120	38188
3125	26768
31260	11602
3127	108834
3129	15631
313	321249
3131	13411
3133	17364
3136	55056
3137	77345
3138	44297
3139	12749
314	64720
3141	16513
3143	35422
3147	29697
315	112027
3150	18204
3151	38749
3156	85665
316	142408
3160	92378
317	96400
3174	64163
318	90064
3181	41573
3182	67342
3186	22599
3187	112920
31887	15784
3189	14252
319	281074
3192	64075
3193	21533
3194	29523
3195	30916
3197	10126
3198	21462
3199	51526
320	116369
3200	41426
3202	20058
3203	26861
3205	50511
3206	43728
3208	18975
3209	22438
321	17873
3210	28801
32114	11594
3212	26591
3213	59090
3214	50172
3215	22786
3216	16567
3217	11522
3219	45678
3222	17686
3223	59173
3226	12359
3227	20445
3228	32757
3229	14146
3231	31007
3233	44288
3234	17968
3235	26313
3240	34886
3244	29327
3246	35568
3247	38365
3249	12120
325	235099
3250	21386
3255	42223
3258	19880
3259	10788
3260	14464
3261	38590
3263	20943
3268	20470
3269	22893
327	39651
3273	11191
3276	11766
3279	18132
328	102273
3280	44857
3281	21934
3283	14003
3287	54818
3288	16207
329	142844
3294	14012
3295	10784
3296	11340
32978	19017
3298	28774
33	78404
330	337933
3302	56685
3305	64669
3307	67731
3308	16399
3309	20019
331	252996
3313	26625
3315	33748
3318	18325
332	198502
3320	48249
3323	54012
3327	12357
3328	10002
3329	47437
333	67234
3338	100799
334	15826
335	218097
3352	11990
335302	18681
3357	26874
3358	20226
336	14385
3361	24085
3366	11925
3367	43349
3369	16307
33698	12550
3370	34125
3371	30807
3372	29029
3373	16022
3374	40767
3376	23944
3377	21354
3378	25283
3379	25262
338	374838
3381	18538
3382	36385
3383	47262
3385	36982
3386	27217
3387	72292
3388	29586
3389	25615
339	245778
3390	27447
3391	32143
3392	28870
3393	43888
3394	26855
3395	54816
3397	29845
3399	29796
34	20593
340	281107
3400	19515
3401	10467
34016	10569
3402	15518
3403	17479
3406	42097
3407	35928
341	17314
3410	18278
3411	34435
3412	105937
3413	16018
3414	37593
3415	20247
3418	16551
342	92263
3420	32291
34212	10595
3423	40626
3424	10679
3425	26099
3427	53850
3430	21852
3434	43101
3437	15343
3438	52842
3441	16382
3443	16511
3448	16832
3449	14266
345	155619
3452	21119
3453	12227
3455	28002
3456	20357
3457	19758
3459	34333
346	172246
3462	11610
3464	13223
34648	10283
3465	38098
34653	12049
3466	13149
3467	17188
3468	14035
3469	13704
347	82736
3472	12684
3473	55191
3475	45178
3478	22478
348	47918
3480	21094
3481	27185
3484	64223
3486	10852
3487	11477
3488	32595
3489	63977
34897	10736
349	55865
3490	36991
3499	15515
35	74663
350	23681
3502	47653
3505	65145
3506	16287
3512	66688
3518	29689
352	20629
3522	76343
3524	10559
3526	50550
3527	27549
3528	17561
3529	16306
3530	22642
3533	18343
3534	48067
3535	36168
3536	15138
3538	54339
354	169590
3540	31420
3542	16182
3544	14069
3549	14693
355	322840
3553	36272
3557	27608
356	21199
3561	15193
3562	35255
3564	51009
3567	31588
356880	12906
357	139578
3570	71597
3571	20445
3572	12169
3573	10354
3577	11723
3579	18277
358	37015
3582	23347
3583	31970
3585	16747
3586	27507
3588	13427
359	198987
3591	11192
3593	14298
3595	33011
3597	15318
360	16466
3601	12931
3602	68769
3605	27294
3606	21436
361	322027
3610	36719
3612	39747
3613	20271
3614	19377
3617	12382
3618	49424
362	172742
3620	36271
3621	19540
3622	14515
3623	35108
3624	15687
3627	28345
3628	20983
363	42363
3632	16952
364	90446
3641	25411
3643	66445
3646	54460
3648	13033
3649	29424
3651	15302
3653	49130
366	84447
3663	37436
367	12831
3671	30836
3672	72373
3674	57058
368	95275
3682	50896
369	283004
3692	19983
3693	44433
3694	26936
3696	15793
370	300810
3702	35673
3705	38126
3708	15151
3709	20394
371	46571
3710	10442
3711	38549
3712	10586
3713	31152
3717	49185
3718	68961
372	98600
3724	30146
3725	24669
3728	20012
3729	21045
373	66497
3731	44326
3732	27355
3739	13781
374	101711
3740	17236
3745	49022
3746	22524
3747	44843
3748	70285
375	122327
3750	47682
3751	19486
3754	10202
376	392317
3761	12334
3762	10091
3763	37998
3764	90603
3768	10921
377	196505
3770	68266
3772	20323
3773	27189
3774	19949
3776	19754
3778	21293
3779	53701
378	190895
3781	22568
3782	25025
3784	22967
3785	14843
3786	20030
379	562869
3793	20387
3794	11098
3796	28021
38	182389
380	313588
3800	18452
3801	41043
3804	17294
3805	18456
3806	42283
3808	30953
3809	31093
38096	11656
381	222686
3810	33075
3813	16290
3818	41207
382	76207
3820	25202
3823	44193
3828	14949
3830	23306
3831	46958
3833	13124
384	15048
3841	16820
3843	12187
3844	23019
385	116294
3852	28731
3854	49384
3856	57509
3858	53531
386	270851
3860	17665
3861	13994
3864	24312
3865	17435
3866	81262
387	171611
3875	16647
3878	14404
3879	101813
388	53857
3882	16714
3883	20229
3886	12193
3887	13896
3889	15206
389	248690
3890	19492
3892	19622
3893	31440
3894	64675
3897	31154
3898	15847
39	46459
390	28471
3904	11107
3907	15434
391	136937
392	155455
3923	13830
393	181597
394	121617
3947	25245
395	134964
3953	10266
3956	15696
3958	51530
396	177134
397	37019
3970	16604
3974	23518
3975	16965
3979	11756
398	191198
3987	14981
399	67317
3991	30651
3997	18887
3998	11869
4	97987
40	264361
400	180830
4001	12738
4003	33839
401	316366
4014	32399
4016	51675
402	293305
4024	15399
403	37501
4037	14971
404	25708
4043	28568
4044	43357
4049	13701
405	39686
4050	21284
4055	19523
4057	12306
4058	14135
4059	10039
406	372256
4060	16628
4062	35742
4063	27329
4064	37187
4065	89292
4067	10524
407	245953
4074	16510
4075	37765
4078	47922
4079	17822
4080	72189
4082	26390
4084	10763
4087	41403
4088	22124
4092	26040
4094	28342
4097	12379
4098	29752
41	82860
410	97119
4102	20854
4103	57896
4104	50577
4105	56116
411	108161
4110	37169
4111	20761
4114	10794
412	178890
4122	10849
413	150957
4132	36435
414	207281
4140	48876
4141	24520
4142	13096
4146	24004
415	71046
4161	54873
417	228925
4170	39441
4171	14970
4173	32272
4176	10686
4178	47639
418	136775
4187	49095
419	291616
4195	61098
4196	17669
4197	13443
42	228730
420	39502
421	41024
422	416588
4227	20205
4229	16208
423	44074
4236	21180
424	90835
4248	59911
425	172525
426	186782
4262	41799
4273	26807
4278	37404
4279	15916
428	71895
429	11670
43	97415
430	205029
4300	17681
4302	32559
4303	25371
4305	15575
4308	57076
431	221880
4310	36646
4311	28010
432	89904
433	87384
434	91573
4340	13163
4346	28619
4347	10847
435	164311
4350	53834
4351	62571
4353	83745
4354	15075
4355	22375
4358	14944
4359	23336
436	30943
4360	11651
4361	26966
4364	49197
4365	35153
4368	21379
4369	10687
437	97455
4370	31167
4371	14020
4375	13668
4376	14455
4377	12332
4378	44271
4382	25331
4384	10842
4385	29403
439	243996
4391	17481
4395	10319
4396	24275
4398	15154
4399	37354
44	161368
440	202915
4411	34409
4414	12108
4416	19940
4417	39719
442	119991
4421	12141
4423	10530
4424	15575
4425	17936
443	77083
4431	14263
4435	12553
4436	12780
444	340331
4440	15416
4442	41433
4445	31580
4446	24882
4448	24141
4449	44756
445	66825
4450	34767
4451	24037
4452	27409
4455	13237
446	112966
4460	34397
4461	32554
4462	10750
4464	14404
4467	35769
4468	21425
4469	31387
447	165058
4471	11111
4477	14384
448	355634
4480	51306
4483	19992
4489	37183
449	98175
450	33888
4506	15496
452	143225
453	196362
4537	15110
454	35272
4546	28195
4548	11490
455	265637
4550	25425
45516	17277
456	72788
457	25686
458	28055
4582	12738
4589	22799
459	320283
4591	69259
46	51701
460	122745
461	293556
462	38934
4623	70776
4625	10692
4627	20130
4628	22216
4629	35180
463	51832
4630	38831
4631	68318
4634	10202
4637	29108
4638	77774
4641	13326
464318	10536
4648	82119
4649	17835
465	148329
4654	30287
4658	61333
4660	14037
4661	20809
4662	35660
4663	14470
4664	18860
4669	12341
467	117704
4671	11513
468	329773
4681	12344
4688	10252
469	413161
4694	17567
47	98191
470	244654
471	368036
4713	18567
472	365781
4724	30266
473	162274
4730	12263
4736	37301
474	98476
4744	30070
475	300604
4751	58502
4754	35159
476	496961
4766	59695
477	58839
478	152674
479	106163
4793	35738
4794	26103
4795	58406
4796	30681
48	300488
480	79081
4800	14936
4806	57745
4808	44414
4809	10654
481	15420
4813	71252
4818	68669
482	13988
4821	10329
4824	37813
4827	40350
4828	29474
483	45375
4830	23890
4832	22115
4835	26584
4838	58307
4839	13758
484	128892
4840	24837
4845	12647
4848	15549
485	339511
4850	82060
4852	12554
4859	50805
486	216065
4862	43725
4863	17122
4864	23822
4868	28501
4869	106607
4870	44133
4871	47334
4872	31097
4873	18169
4876	18181
4881	17463
4882	13403
4883	53850
4885	12915
4886	17495
4889	10093
4890	27076
4891	40993
4892	13964
4896	19957
4898	30469
4899	39570
49	1178279
490	203925
4903	13423
4904	17952
4906	16400
4908	12179
4909	41803
491	33758
4912	10302
4913	158626
4914	38687
4915	11980
4917	13667
4918	16905
492	59512
4923	36245
4927	17800
4929	43856
493	239123
4930	42990
4931	31204
4936	20079
494	95058
4949	27027
495	153234
4957	56546
496	83691
4961	36189
4968	26455
497	35885
4979	16962
498	211713
499	122957
5	41296
50	95360
500	71494
5001	17041
5006	96963
501	61188
5027	21055
5028	11092
503	275944
504	241506
5057	37911
506	335025
507	80340
508	99354
509	374580
51	787398
510	257638
511	448501
512	208644
513	161689
5136	17150
514	549880
5147	15875
515	107935
5157	13724
516	858146
5163	21430
517	167212
5174	17522
5175	12157
5179	35327
518	133291
5187	14971
519	385455
5191	13275
5195	11414
5199	17736
52	14844
520	301848
5202	25972
5203	13042
5204	16314
5207	18221
5209	30535
521	298571
5210	15714
5214	12144
5219	11234
522	45890
5222	48910
5225	12036
5227	42347
523	198525
5233	23376
5236	21761
524	536002
5240	15658
5243	36707
5246	20415
5247	12431
5248	32025
525	116631
5252	32096
5257	27578
5258	17524
526	69354
5262	29170
5264	15892
5267	34004
5268	18351
527	24003
5273	10863
5274	19265
5278	35742
528	152151
5288	17343
529	127738
5297	44522
5298	33158
53	319819
530	165113
5300	86378
5301	10116
5302	16122
5305	18356
5308	10519
531	39184
5313	20188
532	10240
5335	14777
534	29450
5343	31245
535	92549
536	292658
5360	22070
5364	12585
537	60615
5373	41228
538	91737
5397	32306
54	307012
542	46465
5422	26669
5425	18430
5429	25048
543	193437
5439	46247
544	56123
5441	18819
5442	24590
5452	26212
5454	22393
5455	17742
546	82578
5462	13477
547	21473
5471	23803
548	96955
5480	25716
5481	18886
5483	43200
5484	79611
5485	20550
5486	67910
5487	51641
5488	13954
549	100531
5491	54062
5492	23393
5497	22658
5498	14741
5499	19708
55	236460
5500	67946
5501	31306
5504	10425
5505	11783
5506	31369
5507	26715
5509	37318
5515	19561
5517	52448
552	72966
5520	31253
5522	10041
5523	11333
5528	25408
5529	34637
553	32138
5530	46119
5531	28040
5532	19773
5533	12595
5536	17625
554	17186
5543	80130
5544	12094
5547	33044
555	28516
5557	12143
5559	22274
556	35632
5562	17194
5565	35519
5566	25503
5573	15418
5574	17392
5575	12309
5576	172015
5577	13729
558	49056
5581	37527
5584	52753
5585	34936
5589	10035
559	119261
5592	12063
5593	17436
5595	25437
5596	26826
5598	24539
5599	14689
56	28142
560	217375
5601	17513
5602	11238
5603	43963
5606	32835
561	289169
5612	14098
5613	26218
5614	21547
5615	29826
5618	20276
5620	39053
563	256588
5631	39906
5633	23245
5634	17710
5636	34773
564	17253
5640	28097
5646	17630
5647	18024
5648	13321
565	99482
5654	15930
5656	14459
5658	18107
566	85037
5663	11677
5665	23653
5666	18217
5678	16845
568	69063
5682	12222
5684	59860
5685	23569
5688	14811
5689	13406
569	67079
5694	19655
5697	28571
5699	12621
57	11299
571	121495
5712	72861
5713	13941
5716	31401
5717	22210
572	65898
5721	14341
5725	16556
5726	12588
5728	16712
573	57691
5731	28986
5732	10260
5733	42952
5736	13407
5737	11180
5738	18640
574	99111
5740	28697
5742	17356
5743	22176
5744	11183
575	122946
5750	19930
5751	15556
5753	35336
5758	38680
5759	36192
576	129353
5761	19394
5764	16631
5767	23901
5768	14922
5769	42128
577	32891
5771	15125
5776	11475
578	32695
5780	19878
5785	16153
5786	17041
5788	33806
5789	33232
579	110229
5790	30224
5793	30695
5795	26972
5796	23277
5798	35596
58	217069
580	141174
5800	20536
5804	30220
5806	47582
5808	36271
581	131625
5810	18156
5811	15425
5812	18908
5814	10055
5816	21181
5819	17533
582	112190
5820	48871
5822	33521
5823	27996
583	122649
5835	39694
5836	20039
5840	20444
5845	32408
585	18525
5850	16253
5859	22916
586	235503
5860	24854
5866	29090
5867	18700
5869	13180
587	76941
5870	15799
5872	42791
588	245204
5881	39329
5882	43136
5888	25458
5889	25019
589	123323
5893	32182
5894	38614
5895	27089
5899	21049
59	84111
590	373820
5900	13365
5902	18219
591	308967
5910	14160
5911	30102
5912	35439
5913	23817
5914	10398
592	78977
5924	20986
593	40854
5937	10918
594	40360
5946	10060
595	229336
5954	11098
5955	38168
5959	15706
596	217387
5965	15307
5966	53094
5969	10012
597	59700
5970	11099
5976	45085
598	154011
5980	18086
5981	26514
5982	12267
5983	49271
5984	13655
5985	31882
5987	16919
5988	45084
5989	14255
599	61610
5991	19750
5998	42879
6	437717
60	641971
600	160620
6002	27847
601	49750
6010	47125
6011	13820
6013	32150
6016	10324
6020	39517
6021	20767
6022	13868
6026	24131
6029	38395
603	404968
6031	43340
6032	31170
604	14843
6045	61473
605	34464
6055	13112
6059	13155
606	12640
6064	29329
6066	18696
6069	17768
6073	13529
6074	12417
6077	62506
6078	12255
6079	15155
6087	19790
6088	15435
609	17603
6090	13035
6096	12398
6099	20075
6100	37888
6101	13967
6107	21577
6108	13103
6112	45651
6113	14310
6115	64590
61174	18939
6120	10427
6125	17195
6126	11429
6130	46266
6131	36571
6132	16501
6137	17916
6140	19521
6141	24327
6142	18377
6143	20091
6145	18338
6151	32642
6157	24868
6158	14831
6163	14657
6167	65408
6171	15162
6175	24192
6178	15054
6186	13957
6188	36080
6191	11156
6193	11008
6194	30248
62	13718
6200	18140
6205	21390
6206	36613
6208	13293
621	265423
6210	15060
6212	15960
6215	44396
6223	13462
6227	12074
6233	10106
6238	18636
624	114180
6246	13607
6247	26593
6249	14781
625	121834
6250	17136
6253	32693
6255	18069
6258	21985
626	49344
6261	25753
6266	13676
6267	10743
6268	29849
6272	23227
6274	10596
6275	19198
6278	14663
628	15517
6280	22636
6281	14035
6282	10288
6286	33620
629	159689
6294	18206
6296	19157
6299	25730
63	23046
630	31656
6301	22212
6302	14746
6306	14495
631	137810
6310	13450
632	59858
63219	10835
6322	10852
633	49608
6330	26675
6332	11607
6334	14505
634	23676
6342	11972
6343	23555
6344	18679
635	44009
6351	53791
6363	74009
637	23487
6378	30264
6383	13707
6389	24798
639	92931
64	11209
640	126125
6404	61935
6408	16581
6409	17718
6414	11499
6415	42799
642	45393
6422	55257
6429	13069
643	46510
6430	16527
6432	12614
6434	25982
6436	36203
6438	19344
644	32914
6440	10901
6442	26693
6444	12728
6446	40186
6447	11957
6450	11809
6452	17194
6456	12998
6458	13815
6459	11283
646	311478
6460	16891
6463	11467
6464	15968
6465	20113
6466	11841
6467	10844
647	60196
6471	12582
6479	19484
648	125889
6481	46954
6482	17275
6489	18342
649	68749
6493	11699
6494	15421
6495	39830
6496	15129
6497	10012
6498	13079
6499	50574
65	70865
650	11292
6500	16313
6501	10637
6503	14220
651	96840
6510	17717
6515	40744
6518	27203
6519	14663
652	10038
6522	13066
6525	45779
6533	21303
6539	24651
654	80607
6541	47942
6542	37543
6543	11053
655	31849
6550	20780
6551	10989
6559	12595
656	15424
6567	44020
6569	21330
657	13231
6570	28778
658	32088
659	196479
6590	14961
6592	10308
6599	10597
66	237710
6601	53268
6603	26161
6611	37859
6614	29814
6617	13616
662	88995
6626	14957
663	50765
6631	16351
6634	10360
6635	14902
6637	12415
6639	51644
664	43872
6642	14934
6643	10926
6644	14573
6646	21261
665	16100
6651	12063
6655	23674
6656	47979
6659	33604
666	65592
6667	15191
6669	15998
667	76045
6670	26050
6674	28881
6676	20204
6677	23201
6678	25932
668	23667
669	114354
6690	15300
6694	54143
670	15756
6700	31578
6702	18066
6703	24262
6704	24559
6708	11368
6710	17343
6711	17148
6712	14179
6714	29191
6715	11073
672	30947
6722	21308
673	176869
6732	11500
6733	18666
6734	13331
6738	14322
6739	23984
674	13131
675	64414
6758	11536
6759	29796
676	37428
6766	16057
6767	11467
677	11856
6771	14510
6773	10343
6775	17224
6777	14267
6789	15244
679	259893
6794	11802
68	70544
680	64503
681	41698
682	17332
6822	24798
6831	13203
6836	11482
684	256038
6843	13124
6850	16176
686	15008
6865	11647
686878	10603
6869	17843
688	12640
6882	21628
6885	10871
689	27268
6891	29913
690	30306
692	181195
6927	24484
6934	14311
6936	19598
6939	28264
6944	16577
6948	13704
6951	19118
6954	16639
6955	27750
6957	20355
6958	17505
696	57826
6965	13494
6969	14338
697	146938
6970	13741
6974	16056
6975	32552
698	134108
6996	11804
70	30659
7001	35858
7004	23976
7005	15222
7007	18687
701	140496
7015	14889
702	191815
7038	15676
704	14764
705	115466
7052	10480
706	105984
7060	14467
7064	15369
7068	21551
7073	16162
709	143662
710	44449
7104	12481
711	118222
712	50677
7131	12341
7136	10012
715	71927
7150	18355
7158	22068
716	118053
7160	38662
7161	12372
7164	13370
718	184113
7184	22303
7189	11596
719	32688
7199	23411
72	397808
720	47474
7201	24554
7202	11379
7209	40047
722	69512
7220	11854
722304	18631
7224	19599
724	40505
725	19062
726	182171
7264	11985
727	60002
7287	16541
729	34525
7295	12363
73	156883
730	101210
731	94260
7319	29361
732	125490
7328	19624
7334	35818
7335	17734
7344	17409
7348	23722
735	21366
7351	10390
7362	14119
7364	15593
7365	17009
737	122704
7377	10225
738	145370
7380	15089
7383	10057
74	62007
740	123640
7408	15558
741	101865
7413	10444
7415	23326
7416	13582
7421	25976
7422	41327
7424	35316
7425	17791
7429	34910
7432	19280
7435	10346
744	17634
7440	25188
7443	23473
7446	29252
7452	13621
7453	45739
7455	40914
746	191397
7464	16234
7465	20205
7466	39290
747	148768
7470	25765
7471	37995
7474	13010
7479	16115
7483	20879
7484	10596
7485	24562
749	141710
7493	12369
7494	11510
7495	22146
75	63081
7504	17925
751	71962
7511	37116
7519	11671
752	67185
7529	20257
753	68980
7530	16722
7532	24263
7535	10380
754	30005
7547	22650
755	93283
7557	11581
7558	13951
7559	15237
756	30555
7560	11066
7564	20496
7567	10107
7577	24777
7579	12124
758	23496
7583	22808
7585	16621
7587	19444
7588	10630
759	103143
7591	12075
7593	14409
7595	19105
7597	10411
7599	17472
76	390936
7601	18587
7604	30813
7608	25061
7609	10024
761	24695
7619	12281
7627	33094
763	14554
7631	13232
7639	10787
764	274167
7641	11046
7650	15421
7655	16816
7657	12341
7658	36100
7659	12691
766	20832
7660	77801
7665	30206
767	67711
768	69448
769	47534
770	20091
7730	11280
7739	17531
774	98469
7740	12246
775	101673
7757	50106
7761	19221
7767	17941
777	21719
7774	13858
7775	20512
7776	23551
7777	21848
778	48774
7780	11977
7784	14135
7785	11453
7793	21761
7794	21079
78	69609
780	69511
7808	12235
7809	36302
7811	38474
7814	13960
7819	33369
782	29503
7820	16782
7823	11977
7830	17182
7842	26841
785	57336
786	51634
788	117151
7897	17548
79	28337
790	183811
7907	21588
791	122699
7910	19511
7913	26453
7915	60639
792	113735
7922	53148
7925	15882
7933	20174
794	179470
7940	18111
7948	81528
795	21374
7951	37533
7954	14225
796	89037
7968	30992
797	23901
7974	37286
7975	17120
7977	11340
798	51842
7986	15050
7992	13399
7993	39681
8	1309694
80	37688
800	59779
8009	11082
803	221150
8033	28464
8034	12870
804	60626
805	292601
8051	23267
8053	32052
8058	26313
806	72288
8068	22848
807	73504
808	55313
8095	13061
8097	27195
81	532083
811	56101
8114	11837
8118	33057
812	77383
8122	22779
8124	13579
813	18241
8133	11916
8135	14193
8137	14589
814	129840
8144	17066
815	32825
8152	20655
816	147562
8160	14082
8162	14713
817	69842
818	176249
8180	21607
8182	30305
8184	17800
8186	35908
8188	40910
819	50805
8197	14211
8198	23027
82	49124
820	30428
8205	33488
821	25879
8216	12847
8223	11320
823	10029
824	189169
8241	26370
8242	20781
8243	11098
825	35122
826	68634
8266	19218
827	63555
8273	19656
828	93450
8282	11090
829	115815
8295	13282
83	114481
830	64237
8308	16934
8309	17359
831	19388
8311	42744
8313	26994
8318	20657
832	53135
8321	10439
8324	11943
833	38634
8337	17001
8345	29759
835	62454
8359	24935
8361	12799
837	52678
8371	13360
8372	23812
8373	13030
838	206412
839	87932
84	567410
840	47133
8402	12868
8408	22549
842	301029
8426	15486
843	39598
844	14011
8441	11913
845	324892
846	23583
8462	20968
847	35753
8474	38838
8475	25062
848	101109
8480	39747
8485	26699
849	60251
8495	15826
85	201764
850	72899
8501	25973
8502	64618
8507	15914
8509	12877
851	70925
851787	11361
8524	22128
853	149111
8532	17140
854	56903
8545	17222
855	93520
856	85892
8566	10814
857	365841
8571	16092
8572	24296
8574	41242
858	184566
85836	15299
8584	24228
8588	12037
859	36988
86	226807
860	246428
8602	18906
8603	22817
8605	15322
861	101884
8612	11233
8613	16999
8614	13682
8616	10838
862	69290
8624	25012
863	371343
864	46005
8642	69044
8647	13977
8653	14088
867	51701
8671	12480
868	28599
8688	11828
8689	28592
869	30285
87	58398
870	192949
8700	20931
873	340235
8733	10051
8736	18286
8746	13260
876	48296
8768	22395
8778	20400
8779	19312
878	677779
8780	16521
8781	28085
8784	31219
8789	51828
879	297414
8790	25500
8794	10367
88	394664
880	65852
8800	10448
8807	10084
881	174097
88167	18965
882	54530
8823	32315
8825	22867
883	32841
8832	10614
8836	12954
884	249630
8841	17660
8845	15699
8846	11539
885	22274
8857	22859
886	105010
887	29743
8870	10817
8872	12802
8873	11061
888	37153
8883	11090
8886	16299
8888	11104
889	64373
8896	15389
8898	13361
890	141870
891	25759
892	26418
8923	49704
893	36558
8938	12638
894	33205
895	60356
8953	34075
8959	18574
896	119101
8962	14804
8967	12626
897	22380
898	69003
8986	13306
9	423089
90	243731
900	26959
901	33894
902	158549
903	98682
9032	11866
9037	10248
904	75902
905	463007
906	226220
907	19854
909	18227
910	75418
9105	11073
911	13416
9114	12077
912	115808
9128	10413
913	45972
9136	14486
914	111127
9140	20496
915	110156
916	34987
9166	13424
9168	11654
917	155380
918	57474
9180	10204
9184	10556
9186	13044
919	63348
9192	15289
92	191841
920	57732
921	16187
9226	10374
923	89093
9233	10571
924	28457
925	19891
9253	15925
9256	12532
9259	12593
9261	21546
9266	32102
9269	13217
927	10947
928	110469
929	13947
9295	16568
93	35243
930	112580
931	92228
932	110111
9326	17471
9330	11283
9331	19428
934	229659
9353	11974
936	57246
937	140713
938	242371
9392	11931
9394	21117
94	14213
940	139538
9408	18315
9411	22432
9412	34018
942	22474
9423	14454
943	85841
9435	11225
944	75713
945	20009
9453	11715
946	47842
9466	14366
9475	13894
9477	20344
9481	11483
9483	12125
9485	11664
95	18215
9503	11798
9508	12656
952	29448
953	96283
9530	18287
954	223560
9540	14925
957	42051
958	27722
9587	29070
9588	16194
9595	12730
9599	21724
96	27070
9607	19847
9618	11401
962	14348
9628	11857
9639	28969
9647	15384
9656	11127
968	29476
9682	13865
9694	30834
97	146180
970	98814
9701	24144
972	101857
9722	15755
9723	20393
9727	28512
9729	13795
973	89357
9739	72780
9746	23940
975	25959
976	23306
9763	16856
9765	19037
9769	10596
977	57667
9779	10853
979	158618
9790	17923
98	67858
980	205324
9807	10446
981	22750
9819	11000
9821	31899
9824	14023
9826	18223
983	189464
9830	13216
9834	26451
9835	17272
9839	30217
986	10265
9865	11318
987	149939
9872	15063
9873	10510
9874	12067
9877	24547
988	10354
9884	19988
989	37105
9893	15822
9894	19995
9898	10553
99	65090
990	86950
9917	13213
992	190849
9922	19837
9929	14673
993	157234
9930	14303
9940	20429
9942	10182
9946	20261
9948	10900
9954	10480
9962	20384
9967	13127
997	21789
998	322618
9983	18928
999	10558
9996	14606
9999	17860
