603	404968
1051	411337
469	413161
422	416588
140	422020
9	423089
20	433849
6	437717
511	448501
220	461332
905	463007
476	496961
81	532083
524	536002
514	549880
1	552824
22	552854
379	562869
84	567410
308	597297
149	634232
60	641971
146	674412
158	675209
150	677637
878	677779
121	726516
51	787398
171	793840
516	858146
124	887358
49	1178279
8	1309694
122	1429525
8,140	400197
49,905	400300
81,124	401453
20,49	402026
22,51	402298
51,514	402586
60,84	403057
8,1051	403628
84,171	404498
122,1051	405551
9,122	407089
8,469	407631
6,49	410156
122,469	410632
121,878	410826
149,150	410826
146,524	410966
51,146	411747
122,140	411770
51,379	413875
124,150	416631
1,124	416820
60,146	417840
51,84	418190
124,158	418686
171,878	419157
22,121	420176
49,511	421321
8,20	421471
81,516	421538
122,220	423122
146,171	424341
8,905	425879
121,514	426501
22,124	426557
121,146	428403
6,8	429299
20,122	429644
122,905	431346
124,379	431853
6,122	434354
379,516	434991
124,514	438951
8,511	439259
22,516	439369
60,171	442602
84,121	444443
51,878	444812
122,511	446709
514,516	447706
49,476	450333
84,516	450645
84,124	450756
146,516	456826
51,60	462404
49,524	462974
124,878	464637
516,878	466326
8,476	471197
124,146	478095
122,476	487930
1,49	489123
8,524	489665
60,121	491257
121,171	491980
49,81	494084
22,49	495751
51,171	498941
49,149	500449
60,124	501058
49,514	508823
49,84	509170
122,524	509634
8,81	511182
1,8	512104
60,516	512727
49,379	513813
81,122	514754
49,150	515964
49,308	520417
51,121	524036
49,158	524911
1,122	528270
8,22	530503
124,171	530808
8,514	534123
8,149	539193
8,84	539506
8,308	541685
22,122	541990
8,379	542115
122,514	544288
122,379	547301
171,516	550190
84,122	553657
8,150	559739
122,308	561212
49,146	562603
121,124	563805
8,158	569056
51,124	572463
122,149	572890
49,60	576949
121,516	582876
51,516	582962
49,878	586871
122,150	605971
122,158	607604
8,146	610431
8,60	612275
124,516	614423
8,878	621832
60,122	628989
122,878	639377
122,146	640230
49,121	656200
49,171	672542
49,51	697664
8,121	698749
121,122	720291
8,171	723175
8,51	743087
122,171	752142
49,124	753266
49,516	756934
51,122	762448
8,124	801613
8,516	819487
122,516	836156
122,124	850323
8,49	1067926
49,122	1115102
8,122	1227876
22,49,124	400372
20,49,122	400647
60,84,122	400709
51,122,514	401618
8,171,878	402919
122,124,158	402937
51,122,146	403488
49,81,516	404921
8,121,878	405171
6,8,49	405601
8,122,469	405938
8,146,171	406921
8,122,905	407110
1,122,124	407648
51,60,516	407803
6,49,122	408411
60,122,146	408582
122,171,878	408871
49,121,514	409095
121,124,171	409369
121,122,878	409829
8,51,379	409969
49,124,379	411124
8,51,84	411258
51,122,379	411874
51,84,122	413016
8,22,121	414175
122,146,171	414455
49,60,171	414721
8,121,146	414924
49,124,514	415948
22,49,516	415968
49,379,516	416130
8,22,124	416453
60,121,124	416679
8,49,511	416956
8,81,516	417190
49,146,516	418327
81,122,516	418601
22,121,122	418927
51,171,516	419439
8,20,122	419575
49,122,511	420357
49,84,124	420797
49,51,878	420818
8,121,514	421581
49,84,121	422143
8,124,379	424076
22,122,124	424120
121,122,514	425539
121,122,146	425584
49,124,146	426086
60,124,516	426645
6,8,122	426756
122,124,379	427617
121,171,516	427626
49,84,516	427684
49,514,516	428741
8,379,516	431002
8,124,514	431150
60,121,516	431367
122,379,516	432396
49,124,878	433343
8,60,171	433508
8,22,516	433598
8,51,878	434965
124,171,516	435483
8,84,124	436638
122,124,514	436698
8,84,121	436804
22,122,516	437155
51,121,124	437159
8,122,511	438013
60,122,171	438731
49,516,878	438824
49,51,60	439629
8,49,476	439660
51,122,878	439826
8,49,524	440147
84,121,122	443137
8,514,516	443171
8,146,516	443535
8,84,516	443787
49,122,476	446086
122,514,516	446136
8,124,878	446195
84,122,124	447325
84,122,516	447905
8,124,146	448964
49,122,524	449286
122,146,516	450420
8,51,60	455133
122,124,878	456879
8,516,878	457760
51,121,516	457941
51,60,122	460118
122,516,878	460837
49,121,171	463525
51,124,516	464120
8,49,149	465000
49,60,121	465140
49,51,171	465789
8,122,476	466500
122,124,146	467253
49,60,124	467273
8,49,150	469698
1,8,49	470729
8,122,524	472653
1,49,122	473049
49,122,149	477819
121,124,516	479917
8,49,81	481584
49,81,122	481701
8,49,158	483832
8,121,171	483874
49,60,516	484025
8,60,121	484066
8,22,49	485280
8,60,124	486292
49,124,171	486921
8,51,171	489563
60,121,122	489591
121,122,171	490278
8,49,308	491912
49,122,150	492118
22,49,122	492226
51,122,171	492532
60,122,124	494381
49,51,121	496435
8,49,84	496667
8,81,122	498653
1,8,122	498743
49,122,308	500185
8,49,514	500487
49,122,158	500996
8,49,379	503662
49,84,122	504284
8,60,516	505149
49,122,514	506153
49,122,379	507061
60,122,516	508912
49,171,516	511772
8,124,171	513169
8,122,149	515359
8,51,121	515834
8,122,308	520840
8,22,122	522661
122,124,171	522681
51,121,122	522795
49,121,124	525979
8,122,514	530469
8,84,122	531560
8,49,146	531900
8,122,379	533005
8,122,150	534602
49,51,124	536581
8,171,516	539655
8,122,158	542054
122,171,516	543052
49,122,146	545624
49,51,516	547231
49,121,516	548834
8,121,124	550911
8,51,124	553285
8,49,60	561618
121,122,124	561777
8,49,878	563360
51,122,124	563888
49,124,516	567412
49,122,878	568782
49,60,122	570152
8,51,516	573784
8,121,516	574996
51,122,516	578952
121,122,516	581244
8,122,146	588417
8,124,516	599234
8,122,878	600225
8,60,122	605625
122,124,516	607487
8,49,171	640616
8,49,121	642484
49,121,122	653171
49,122,171	658247
8,49,51	674483
49,51,122	685528
8,121,122	695061
8,122,171	700249
8,49,124	713925
8,51,122	731321
49,122,124	734441
8,49,516	738535
49,122,516	746940
8,122,124	786584
8,122,516	805092
8,49,122	1035314
49,60,121,124	401052
8,49,81,516	401927
49,81,122,516	403131
6,8,49,122	404112
49,51,171,516	404182
8,121,122,878	404460
8,51,60,516	405201
8,121,124,171	405570
8,49,121,514	405991
8,49,124,379	406383
51,60,122,516	406884
8,51,84,122	407104
49,122,124,379	408127
49,121,122,514	408497
8,51,122,379	408712
121,122,124,171	408734
8,49,124,146	409285
49,60,124,516	409502
8,49,60,171	410382
8,49,146,516	410816
49,121,171,516	411472
8,49,124,514	411568
8,22,49,516	412691
8,121,122,146	413136
49,60,122,171	413153
8,60,121,124	413197
8,22,121,122	413319
8,49,379,516	413619
8,49,84,124	414057
49,122,379,516	414289
49,124,171,516	414568
49,122,124,514	414800
8,81,122,516	414835
22,49,122,516	414845
8,22,122,124	414915
8,49,51,878	415236
49,122,146,516	415684
60,121,122,124	416102
8,49,122,511	416197
49,60,121,516	416372
8,51,171,516	416750
8,49,84,121	417733
49,51,122,878	418047
51,122,171,516	418191
49,84,122,124	418785
49,122,124,146	420426
8,121,122,514	420919
49,51,121,124	420927
49,84,121,122	421387
8,122,124,379	421886
8,49,124,878	422541
8,60,124,516	422796
8,49,84,516	423670
60,122,124,516	424273
8,121,171,516	424837
8,49,514,516	425903
49,84,122,516	426131
121,122,171,516	427089
49,122,514,516	427794
8,60,121,516	428759
49,122,124,878	428995
8,122,379,516	429001
8,49,122,524	429364
8,122,124,514	429599
8,60,122,171	430449
8,124,171,516	430614
60,121,122,516	430848
8,22,122,516	431831
8,51,122,878	432253
8,51,121,124	432741
122,124,171,516	432832
8,49,516,878	434027
8,84,122,124	434881
8,49,51,60	435112
8,84,121,122	436118
49,122,516,878	436224
51,121,122,124	436686
8,49,122,476	436889
49,51,60,122	438113
8,122,146,516	438819
8,122,124,878	441822
8,122,514,516	441931
8,84,122,516	442081
49,51,121,516	442371
8,122,124,146	443579
49,51,124,516	445171
8,122,516,878	453323
8,51,60,122	453990
8,49,122,149	454342
8,51,121,516	455451
51,121,122,516	457540
8,49,60,124	458388
49,121,124,516	459152
8,49,121,171	459158
8,51,124,516	459647
8,49,122,150	459656
8,49,51,171	460579
8,49,60,121	460819
1,8,49,122	461343
49,121,122,171	462630
51,122,124,516	462782
49,60,122,124	463376
49,51,122,171	463723
49,60,121,122	464287
8,49,81,122	471514
8,49,122,158	473924
8,121,124,516	475573
8,49,122,308	478220
8,49,124,171	478272
121,122,124,516	479296
8,49,60,516	479613
49,60,122,516	482342
8,22,49,122	482694
8,121,122,171	482730
8,60,121,122	482939
8,60,122,124	482985
49,122,124,171	483731
8,51,122,171	484322
8,49,51,121	491986
8,49,84,122	493785
49,51,121,122	495817
8,49,122,514	498428
8,49,122,379	499330
8,60,122,516	502356
8,49,171,516	505953
8,122,124,171	507619
49,122,171,516	508727
8,51,121,122	514974
8,49,121,124	519149
8,49,122,146	520432
8,49,51,124	523160
49,121,122,124	524899
49,51,122,124	529476
8,122,171,516	533716
8,49,51,516	541826
8,49,121,516	544367
49,51,122,516	545103
49,121,122,516	547869
8,121,122,124	549587
8,49,122,878	550369
8,51,122,124	551180
8,49,60,122	558628
8,49,124,516	559199
49,122,124,516	564239
8,51,122,516	571220
8,121,122,516	573750
8,122,124,516	594475
8,49,122,171	632561
8,49,121,122	640419
8,49,51,122	669483
8,49,122,124	707037
8,49,122,516	731576
8,49,81,122,516	400507
49,60,121,122,124	400740
8,49,51,171,516	402286
49,51,122,171,516	403574
8,51,60,122,516	404750
8,49,122,124,379	404864
8,121,122,124,171	405093
8,49,121,122,514	405542
8,49,60,124,516	407040
8,49,122,124,146	407048
49,60,122,124,516	408617
8,49,122,146,516	409108
8,49,60,122,171	409277
8,49,121,171,516	409819
8,49,122,124,514	410630
49,121,122,171,516	411132
8,49,124,171,516	411537
8,22,49,122,516	411741
8,49,122,379,516	412130
8,60,121,122,124	412764
8,49,84,122,124	413054
8,49,51,122,878	413331
49,122,124,171,516	413678
8,49,60,121,516	414655
8,51,122,171,516	415630
49,60,121,122,516	416070
8,49,84,121,122	417330
8,49,51,121,124	418090
8,49,122,124,878	420513
49,51,121,122,124	420659
8,60,122,124,516	421053
8,49,84,122,516	422779
8,121,122,171,516	424395
8,49,122,514,516	425084
8,60,121,122,516	428342
8,122,124,171,516	428380
8,49,122,516,878	431939
8,51,121,122,124	432395
8,49,51,60,122	434486
8,49,51,121,516	440814
49,51,121,122,516	442114
8,49,51,124,516	442244
49,51,122,124,516	444207
8,51,121,122,516	455143
8,49,121,124,516	456673
8,49,60,122,124	457153
8,49,121,122,171	458464
49,121,122,124,516	458761
8,51,122,124,516	458901
8,49,51,122,171	458999
8,49,60,121,122	460130
8,121,122,124,516	475113
8,49,122,124,171	475970
8,49,60,122,516	478583
8,49,51,121,122	491505
8,49,122,171,516	503451
8,49,121,122,124	518347
8,49,51,122,124	521876
8,49,51,122,516	540435
8,49,121,122,516	543574
8,49,122,124,516	557056
8,49,51,122,171,516	401748
8,49,60,122,124,516	406610
8,49,121,122,171,516	409519
8,49,122,124,171,516	410812
8,49,60,121,122,516	414398
8,49,51,121,122,124	417878
8,49,51,121,122,516	440610
8,49,51,122,124,516	441787
8,49,121,122,124,516	456361
