21	300275
48	300488
475	300604
370	300810
842	301029
1793	301685
520	301848
157	303011
185	306545
54	307012
591	308967
646	311478
380	313588
401	316366
53	319819
459	320283
313	321249
361	322027
998	322618
355	322840
845	324892
468	329773
506	335025
330	337933
485	339511
873	340235
444	340331
448	355634
208	356907
294	359095
14	359357
116	360238
275	365144
472	365781
857	365841
471	368036
863	371343
406	372256
142	372938
590	373820
509	374580
338	374838
519	385455
123	386973
76	390936
376	392317
88	394664
147	397705
72	397808
603	404968
1051	411337
469	413161
422	416588
140	422020
9	423089
20	433849
6	437717
511	448501
220	461332
905	463007
476	496961
81	532083
524	536002
514	549880
1	552824
22	552854
379	562869
84	567410
308	597297
149	634232
60	641971
146	674412
158	675209
150	677637
878	677779
121	726516
51	787398
171	793840
516	858146
124	887358
49	1178279
8	1309694
122	1429525
149,158	300471
9,60	300849
8,53	301203
124,519	301364
171,376	301727
1,379	301732
121,376	302232
9,171	302574
14,124	302626
8,459	302762
51,88	302896
14,121	303203
49,313	303421
476,878	303477
60,524	303574
49,857	303849
158,220	304496
49,361	304583
8,444	304626
124,142	304840
49,355	304924
81,379	304956
146,379	305533
448,516	305569
406,516	305831
51,1051	305870
6,60	306422
84,476	306486
122,459	306501
121,603	306911
124,863	306955
8,380	306958
8,208	307491
171,469	307664
76,124	307787
472,516	308096
121,142	308109
124,509	308767
124,376	308820
49,330	309036
53,122	309111
121,863	309209
9,51	309284
22,379	309567
122,380	310162
51,140	310196
121,140	310340
124,471	310375
122,873	310666
8,845	310873
124,1051	311489
379,514	311725
124,603	311755
14,516	311863
76,516	311932
81,84	312585
60,469	312829
150,158	312867
88,121	312929
150,878	312947
6,171	313497
60,123	314021
121,308	314103
81,514	314348
122,506	314469
8,361	314472
49,468	314598
51,603	314725
121,509	315631
8,355	315673
22,878	316070
51,123	316280
121,150	316408
9,121	316604
121,471	316691
8,313	316834
22,81	316856
51,524	316937
121,149	317646
84,878	317839
88,124	317974
471,516	318176
122,361	318214
140,516	318216
516,863	318345
509,516	318405
49,147	319350
122,845	319639
122,355	319778
308,878	319855
122,313	319877
376,516	320000
49,294	320304
49,485	320973
8,338	321050
146,150	321181
122,208	321387
49,116	321513
81,146	321678
142,516	322395
122,444	323232
123,124	323709
171,511	323895
1,146	324033
121,524	324047
8,857	324277
20,171	324338
8,468	325062
84,379	325078
149,878	325230
60,511	325301
8,330	326459
516,519	326651
122,468	328003
88,516	328857
121,158	328870
9,516	330298
49,448	330919
51,469	331039
514,878	331569
8,294	331641
171,220	332099
1,60	332384
49,72	332395
1,878	333202
122,330	333576
124,140	333642
22,514	334129
8,485	334206
60,476	334615
81,878	334697
20,84	335709
49,275	336027
49,590	336380
146,878	336520
122,485	336574
124,469	336694
8,116	336987
49,472	338173
22,84	338281
122,857	338735
6,51	338805
121,123	338886
20,60	339047
14,49	339552
516,1051	339737
516,603	339764
122,338	339943
6,121	340524
123,516	340846
379,878	341307
9,124	341821
158,878	342200
49,471	343660
121,469	343827
51,150	344911
49,422	345029
84,514	345096
6,124	345180
122,294	345664
8,147	345904
20,51	346307
8,448	346874
146,514	347010
171,308	347707
116,122	347936
171,524	347939
49,406	348149
8,72	349287
51,149	349413
49,142	349633
49,863	349685
8,275	349752
49,509	349752
150,171	351400
51,308	351910
122,448	352057
8,14	352434
171,476	352509
1,171	352525
149,171	352593
84,146	352966
8,472	353621
51,511	354159
60,81	354278
8,590	354888
124,524	356092
14,122	357233
49,76	357513
49,519	357549
60,379	358238
122,147	358912
122,275	359203
8,471	359517
516,524	361164
122,472	361672
8,406	362202
469,516	362345
122,590	362455
8,863	362524
20,124	362724
49,123	363444
49,88	363651
8,142	364112
60,878	364766
1,121	364778
49,376	365043
122,471	365125
121,511	365873
122,509	366198
122,406	366517
8,509	366543
6,516	366889
171,422	367395
124,511	367625
81,171	367665
122,863	367844
49,220	368083
51,476	368522
72,122	369279
122,142	369797
8,422	370418
308,516	372004
8,76	372982
20,516	373374
20,121	373667
121,476	374754
8,519	375645
22,60	375901
49,603	376285
171,379	376577
8,376	378263
122,519	379293
150,516	379569
8,88	380275
8,123	380714
51,158	380723
171,514	381977
76,122	382123
49,140	382307
51,81	382471
49,1051	382709
9,49	383372
149,516	383506
60,514	383854
1,51	384408
511,516	384738
122,123	385182
124,149	386180
122,376	386203
124,308	387377
158,516	388034
22,171	388869
122,422	389644
1,516	389673
88,122	389678
124,476	389821
22,146	389870
81,121	390682
49,469	391390
158,171	392114
8,220	394187
8,9	395228
8,603	395369
122,603	395820
121,379	397557
476,516	399604
8,140	400197
49,905	400300
81,124	401453
20,49	402026
22,51	402298
51,514	402586
60,84	403057
8,1051	403628
84,171	404498
122,1051	405551
9,122	407089
8,469	407631
6,49	410156
122,469	410632
121,878	410826
149,150	410826
146,524	410966
51,146	411747
122,140	411770
51,379	413875
124,150	416631
1,124	416820
60,146	417840
51,84	418190
124,158	418686
171,878	419157
22,121	420176
49,511	421321
8,20	421471
81,516	421538
122,220	423122
146,171	424341
8,905	425879
121,514	426501
22,124	426557
121,146	428403
6,8	429299
20,122	429644
122,905	431346
124,379	431853
6,122	434354
379,516	434991
124,514	438951
8,511	439259
22,516	439369
60,171	442602
84,121	444443
51,878	444812
122,511	446709
514,516	447706
49,476	450333
84,516	450645
84,124	450756
146,516	456826
51,60	462404
49,524	462974
124,878	464637
516,878	466326
8,476	471197
124,146	478095
122,476	487930
1,49	489123
8,524	489665
60,121	491257
121,171	491980
49,81	494084
22,49	495751
51,171	498941
49,149	500449
60,124	501058
49,514	508823
49,84	509170
122,524	509634
8,81	511182
1,8	512104
60,516	512727
49,379	513813
81,122	514754
49,150	515964
49,308	520417
51,121	524036
49,158	524911
1,122	528270
8,22	530503
124,171	530808
8,514	534123
8,149	539193
8,84	539506
8,308	541685
22,122	541990
8,379	542115
122,514	544288
122,379	547301
171,516	550190
84,122	553657
8,150	559739
122,308	561212
49,146	562603
121,124	563805
8,158	569056
51,124	572463
122,149	572890
49,60	576949
121,516	582876
51,516	582962
49,878	586871
122,150	605971
122,158	607604
8,146	610431
8,60	612275
124,516	614423
8,878	621832
60,122	628989
122,878	639377
122,146	640230
49,121	656200
49,171	672542
49,51	697664
8,121	698749
121,122	720291
8,171	723175
8,51	743087
122,171	752142
49,124	753266
49,516	756934
51,122	762448
8,124	801613
8,516	819487
122,516	836156
122,124	850323
8,49	1067926
49,122	1115102
8,122	1227876
1,122,379	300012
49,76,516	300320
8,49,361	300415
49,88,121	300423
49,121,149	300449
22,84,121	300489
122,150,878	300511
8,149,878	300700
49,121,308	300746
20,60,124	300776
49,124,603	300914
8,49,147	300963
51,60,379	301019
8,14,121	301066
8,76,124	301072
8,49,313	301178
122,476,878	301341
14,122,124	301484
51,60,146	301512
121,122,376	301591
8,49,355	301754
49,122,147	301757
49,308,878	301757
8,124,142	301774
51,88,122	301801
14,49,516	301966
49,51,603	302035
22,121,146	302048
49,60,123	302182
49,121,509	302360
6,49,171	302409
49,122,361	302538
8,124,863	302673
49,158,878	302692
49,122,313	302725
8,81,379	302766
49,140,516	302816
14,121,122	302853
9,51,122	302949
49,88,124	302971
8,448,516	303007
8,406,516	303080
20,84,516	303111
122,146,379	303130
49,379,514	303152
22,49,878	303162
49,81,84	303264
8,84,476	303571
8,49,330	303609
8,124,376	303651
9,49,121	303827
81,122,379	303860
146,516,524	303880
49,121,524	303890
49,121,471	303961
49,122,355	304001
122,124,142	304080
122,406,516	304188
8,51,1051	304316
8,472,516	304403
20,51,124	304450
84,124,514	304463
49,171,422	304618
49,81,146	304708
60,476,516	304733
122,448,516	304744
60,146,171	304792
51,146,171	304799
49,60,469	304800
6,8,60	304889
51,122,1051	304918
8,51,140	305030
8,121,603	305041
8,122,380	305068
8,124,509	305262
124,146,524	305333
49,51,123	305344
81,121,171	305383
84,122,476	305462
49,121,158	305464
49,509,516	305488
8,121,142	305494
8,122,338	305561
49,84,878	305609
6,60,122	305727
76,122,124	305826
8,121,140	305941
122,124,863	306045
8,171,469	306106
51,469,516	306139
6,51,516	306173
49,471,516	306231
51,124,511	306431
121,122,603	306444
8,124,471	306499
81,124,171	306501
51,171,379	306533
49,81,514	306702
122,171,469	306732
122,472,516	306743
8,121,863	306917
20,84,121	306927
8,22,379	306940
49,150,171	307012
84,514,516	307182
49,122,330	307247
60,81,124	307331
122,124,376	307380
22,49,81	307391
8,51,524	307594
8,49,294	307602
8,121,150	307638
6,124,516	307657
121,122,142	307686
22,51,60	307733
124,469,516	307970
122,124,509	307977
8,124,1051	307996
8,122,845	308181
84,121,514	308241
49,516,863	308353
8,76,516	308487
122,308,878	308512
8,124,603	308562
20,60,516	308627
22,122,379	308671
121,122,863	308766
51,171,514	308777
49,376,516	308919
51,122,140	308941
8,121,308	309304
122,124,471	309359
121,122,140	309488
8,81,84	309573
8,308,878	309598
22,124,146	309633
8,88,121	309703
8,379,514	309714
8,122,857	309758
121,171,379	309829
8,14,516	310059
122,124,1051	310105
60,124,878	310200
121,123,516	310277
122,124,603	310350
51,121,511	310359
122,171,220	310524
8,49,116	310636
6,121,516	310670
6,8,171	310676
49,146,878	310707
76,122,516	310755
60,121,878	310783
122,149,878	310803
122,379,514	310942
122,146,150	310984
81,84,122	311205
51,122,603	311216
60,124,379	311374
49,142,516	311379
1,8,146	311386
14,122,516	311444
8,60,469	311464
171,476,516	311607
22,51,171	311648
22,146,516	311649
8,60,123	311651
20,49,171	311729
49,123,124	311832
8,81,514	311862
8,122,361	312004
8,49,468	312041
8,121,149	312049
8,88,124	312131
121,171,878	312153
81,122,146	312183
8,22,878	312193
88,121,122	312201
8,9,121	312284
20,60,121	312291
6,122,171	312445
60,122,469	312524
8,84,878	312614
8,51,603	312745
8,121,509	312818
49,171,511	312860
60,81,121	312921
1,51,516	313086
51,122,524	313174
121,122,308	313179
51,124,476	313217
8,140,516	313369
1,121,124	313420
81,122,514	313524
49,122,468	313594
60,122,123	313598
8,49,72	313776
1,122,146	313781
8,121,471	313836
49,516,519	313882
8,51,123	314010
8,22,81	314012
8,81,146	314052
51,60,514	314053
51,121,476	314200
121,122,150	314335
51,171,878	314420
22,122,878	314513
1,49,878	314665
8,122,355	314761
124,171,379	314820
20,51,121	314884
49,84,379	315143
49,51,150	315170
49,88,516	315233
121,122,509	315240
60,121,379	315289
9,49,516	315303
51,122,123	315577
22,81,122	315616
9,121,122	315671
20,51,516	315676
49,60,511	315746
8,509,516	315828
84,122,878	315837
8,122,313	315867
8,121,524	315870
8,471,516	315921
121,122,149	315972
1,49,60	316022
121,122,471	316053
8,516,863	316094
49,122,294	316243
49,149,171	316340
88,122,124	316465
49,124,140	316515
122,140,516	316617
121,146,171	316866
8,376,516	317253
121,469,516	317256
122,516,863	317432
122,471,516	317536
60,84,171	317706
122,509,516	317790
49,116,122	318014
8,49,485	318183
8,158,878	318468
122,376,516	318708
51,121,146	319348
60,81,516	319413
49,122,485	319451
49,514,878	319611
8,121,158	319745
9,49,124	320012
49,171,524	320117
121,124,511	320151
8,142,516	320198
20,49,84	320459
8,171,511	320487
22,49,84	320548
8,20,171	321257
49,171,308	321517
8,123,124	321547
122,142,516	321662
49,51,469	321756
51,81,124	321778
49,149,150	321789
1,121,516	321823
22,124,171	321829
121,122,524	322161
60,516,878	322286
81,171,516	322298
8,84,379	322426
22,121,171	322432
22,49,514	322551
22,60,124	322588
8,146,878	322625
1,122,878	322833
51,511,516	323109
8,60,511	323189
122,171,511	323252
122,123,124	323315
49,60,476	323353
49,84,146	323427
124,171,878	323435
1,8,878	323459
60,121,146	323460
20,122,171	323462
8,122,468	323797
49,51,149	323930
8,516,519	323993
84,122,379	324048
8,122,330	324121
1,51,124	324164
49,124,524	324213
49,146,514	324331
49,81,878	324355
121,124,476	324363
121,171,514	324397
8,122,294	324648
60,122,511	324707
8,9,124	324766
51,81,121	324872
60,379,516	324994
122,516,519	325048
8,9,516	325108
1,124,516	325157
20,49,60	325313
20,124,516	325336
124,171,514	325434
8,171,422	325518
8,88,516	325541
122,146,878	325777
8,124,140	325928
51,84,171	325983
49,124,469	326111
49,121,123	326156
49,72,122	326267
81,122,878	326479
8,51,150	326555
8,49,448	326684
8,49,422	326766
121,122,158	326968
8,49,590	327029
8,122,147	327093
49,516,1051	327184
20,121,124	327386
6,49,51	327551
88,122,516	327669
8,514,878	327852
1,8,60	328017
49,379,878	328038
49,516,603	328219
9,122,516	328231
8,150,171	328247
49,123,516	328264
8,49,275	329025
22,60,121	329055
51,60,84	329076
124,511,516	329326
49,122,448	329377
8,51,469	329402
122,158,878	329408
171,379,516	329684
51,476,516	329730
8,81,878	329807
6,49,121	329842
49,122,590	329906
122,124,140	330049
51,122,469	330390
1,49,171	330403
122,514,878	330504
8,20,84	330591
1,60,122	330662
8,22,514	330834
51,121,379	330903
8,116,122	331109
6,49,124	331237
8,60,476	331754
51,124,146	331847
49,84,514	332223
9,122,124	332245
8,122,485	332275
8,49,472	332437
8,171,308	332516
20,49,51	332597
124,146,171	332600
22,60,516	332871
60,146,516	332968
121,511,516	333187
8,171,524	333258
22,122,514	333444
60,122,476	333801
60,124,514	333805
8,149,171	333866
22,84,122	334009
49,121,469	334017
49,122,275	334181
20,84,122	334273
8,22,84	334298
51,146,516	334648
8,51,149	334690
8,124,469	334858
51,122,150	334906
51,121,878	335008
146,171,516	335128
49,51,308	335129
81,121,124	335273
8,379,878	335500
8,20,60	335532
49,122,422	335532
22,171,516	335558
8,14,49	335584
22,51,124	335830
49,158,171	335857
122,124,469	335892
49,516,524	336317
6,8,51	336423
49,122,472	336444
8,121,123	336529
60,121,514	336702
124,476,516	336816
122,379,878	336875
171,514,516	336931
49,171,476	336944
121,476,516	337525
20,121,516	337635
8,516,603	337737
122,516,603	337861
8,516,1051	337899
122,150,171	337903
122,516,1051	337904
6,51,122	338068
20,60,122	338175
6,8,121	338337
8,146,514	338486
121,122,123	338492
14,49,122	338500
8,123,516	338532
22,51,121	338550
60,124,146	339244
122,171,308	339286
8,49,471	339512
8,49,220	339921
6,121,122	340078
8,72,122	340111
122,123,516	340429
8,124,524	340505
122,149,171	340559
171,516,878	340651
51,122,149	340700
8,84,146	341128
84,124,171	341231
8,84,514	341308
6,8,124	341314
49,60,81	341513
60,514,516	341808
122,171,422	341835
8,49,406	341979
51,81,516	342036
49,150,516	342077
84,121,171	342078
8,20,51	342130
122,171,524	342164
49,124,149	342257
8,121,469	342408
49,122,471	342601
49,51,511	342609
49,122,509	342684
121,124,379	342795
1,8,171	343454
121,122,469	343570
8,51,308	343922
121,124,878	344072
84,122,514	344152
6,122,124	344203
122,146,514	344418
8,122,448	344704
51,121,514	344854
51,124,514	345119
8,49,863	345213
20,51,122	345293
49,122,406	345332
8,149,150	345394
20,49,124	345452
49,60,379	345539
8,49,509	345598
8,49,142	345601
8,171,476	346229
84,122,146	346315
49,51,158	346385
51,122,308	346751
8,122,275	347445
49,60,878	347878
1,49,121	347948
49,122,863	348109
1,122,171	348116
49,122,142	348389
84,171,516	348555
8,122,590	348894
60,84,124	349012
81,124,516	349822
122,124,524	349857
8,49,76	349924
122,171,476	350056
51,124,379	350390
8,60,81	350794
22,49,146	350884
49,469,516	350898
51,60,171	351214
8,14,122	351298
8,122,472	351488
22,51,516	351638
49,308,516	351682
8,51,511	351721
49,149,516	352038
8,516,524	352082
49,158,516	352640
49,124,511	352661
81,121,516	352687
60,81,122	352705
8,49,519	352781
6,49,516	352974
51,379,516	353075
49,51,476	353288
121,124,146	353362
49,121,511	353533
49,81,171	353556
51,122,511	353849
49,76,122	354354
121,146,516	354661
49,122,519	354797
8,60,379	354948
60,84,516	355231
60,84,121	355239
49,122,220	355547
51,84,124	355718
49,124,308	355866
122,516,524	356108
8,49,88	356192
8,49,376	356592
20,49,121	356682
22,49,60	356683
8,20,124	356732
8,122,422	356743
8,124,149	357095
60,122,379	357166
49,124,150	357597
51,124,878	357796
20,49,516	357807
8,122,471	357985
121,379,516	358151
8,122,406	358196
51,514,516	358555
49,171,379	358879
8,122,509	359043
22,121,124	359341
8,60,878	359597
8,158,171	360210
1,8,121	360258
124,379,516	360329
8,122,863	360339
49,121,476	360400
8,49,123	360490
8,469,516	360810
51,84,121	361132
121,516,878	361183
20,122,124	361197
49,88,122	361492
122,469,516	361769
60,122,878	361974
22,49,171	362025
49,122,376	362286
8,81,171	362320
8,122,142	362459
8,51,158	362501
8,124,511	362620
49,122,123	362807
8,51,476	363059
8,121,511	363139
51,516,878	363592
1,121,122	363729
49,124,476	364326
81,122,171	364430
6,8,516	364684
8,308,516	365033
49,146,524	365287
49,171,514	365423
8,150,516	365456
121,122,511	365599
6,122,516	365872
51,84,516	365907
51,122,476	366604
122,124,511	366912
8,9,49	366914
22,124,516	367108
1,49,51	367298
122,308,516	367360
124,146,516	367628
49,124,158	367741
121,124,514	367841
51,122,158	367844
8,124,308	368163
49,60,514	368348
122,158,171	368645
8,20,121	369098
1,49,516	369358
8,76,122	369439
8,22,60	369571
49,51,81	369593
60,124,171	369960
124,516,878	370040
8,20,516	370391
22,121,516	370510
60,121,171	370531
122,150,516	370959
49,511,516	371013
8,121,476	371042
122,149,150	371219
122,124,149	371251
8,49,603	371646
8,171,379	371856
8,122,519	371886
8,149,516	372102
8,49,140	372211
20,122,516	372482
122,171,379	372619
49,122,603	372943
20,121,122	372965
9,49,122	372977
121,122,476	374110
8,122,376	374311
22,60,122	374499
1,8,51	374521
8,22,146	375413
8,158,516	375552
49,51,146	375665
8,122,220	375875
49,60,146	376039
122,149,516	376076
8,124,150	376752
121,514,516	376845
8,124,476	377080
49,81,121	377473
8,171,514	377512
1,51,122	377551
8,88,122	377609
49,122,140	377761
22,49,51	378048
49,146,171	378130
124,514,516	378164
49,84,171	378343
8,51,81	378649
8,49,1051	378851
8,60,514	379543
122,124,308	379547
49,122,1051	379671
8,122,123	379762
122,158,516	380144
51,81,122	380414
122,171,514	380561
8,22,171	381315
49,60,84	381896
8,511,516	382044
22,122,146	382236
60,122,514	382546
84,121,124	382938
49,476,516	382951
60,171,516	383080
49,121,379	383135
84,124,516	383250
1,8,516	383409
8,49,905	383540
8,124,158	383679
49,81,124	383771
22,122,171	384097
122,511,516	384221
1,49,124	385478
49,171,878	386076
122,124,476	387053
1,122,516	387068
8,81,121	387229
49,51,514	387400
49,122,905	387900
8,146,524	388014
8,122,603	388437
8,49,469	388904
84,121,516	389113
51,121,171	389247
81,121,122	389885
8,9,122	390167
51,60,124	390320
49,122,469	390520
49,121,878	392829
8,81,124	393669
49,121,146	393714
8,121,379	394445
8,60,84	394683
51,60,121	395037
8,84,171	395197
8,122,140	395272
8,476,516	395470
122,146,524	395695
122,124,150	395713
49,51,84	395736
8,20,49	396051
8,60,146	396151
8,22,51	396290
51,124,171	396783
121,122,379	396801
1,8,124	397102
8,51,146	397258
22,51,122	397514
49,51,379	397545
122,476,516	397715
8,51,514	398327
22,49,121	398378
81,122,124	398388
84,122,171	398539
8,122,1051	398886
22,49,124	400372
20,49,122	400647
60,84,122	400709
51,122,514	401618
8,171,878	402919
122,124,158	402937
51,122,146	403488
49,81,516	404921
8,121,878	405171
6,8,49	405601
8,122,469	405938
8,146,171	406921
8,122,905	407110
1,122,124	407648
51,60,516	407803
6,49,122	408411
60,122,146	408582
122,171,878	408871
49,121,514	409095
121,124,171	409369
121,122,878	409829
8,51,379	409969
49,124,379	411124
8,51,84	411258
51,122,379	411874
51,84,122	413016
8,22,121	414175
122,146,171	414455
49,60,171	414721
8,121,146	414924
49,124,514	415948
22,49,516	415968
49,379,516	416130
8,22,124	416453
60,121,124	416679
8,49,511	416956
8,81,516	417190
49,146,516	418327
81,122,516	418601
22,121,122	418927
51,171,516	419439
8,20,122	419575
49,122,511	420357
49,84,124	420797
49,51,878	420818
8,121,514	421581
49,84,121	422143
8,124,379	424076
22,122,124	424120
121,122,514	425539
121,122,146	425584
49,124,146	426086
60,124,516	426645
6,8,122	426756
122,124,379	427617
121,171,516	427626
49,84,516	427684
49,514,516	428741
8,379,516	431002
8,124,514	431150
60,121,516	431367
122,379,516	432396
49,124,878	433343
8,60,171	433508
8,22,516	433598
8,51,878	434965
124,171,516	435483
8,84,124	436638
122,124,514	436698
8,84,121	436804
22,122,516	437155
51,121,124	437159
8,122,511	438013
60,122,171	438731
49,516,878	438824
49,51,60	439629
8,49,476	439660
51,122,878	439826
8,49,524	440147
84,121,122	443137
8,514,516	443171
8,146,516	443535
8,84,516	443787
49,122,476	446086
122,514,516	446136
8,124,878	446195
84,122,124	447325
84,122,516	447905
8,124,146	448964
49,122,524	449286
122,146,516	450420
8,51,60	455133
122,124,878	456879
8,516,878	457760
51,121,516	457941
51,60,122	460118
122,516,878	460837
49,121,171	463525
51,124,516	464120
8,49,149	465000
49,60,121	465140
49,51,171	465789
8,122,476	466500
122,124,146	467253
49,60,124	467273
8,49,150	469698
1,8,49	470729
8,122,524	472653
1,49,122	473049
49,122,149	477819
121,124,516	479917
8,49,81	481584
49,81,122	481701
8,49,158	483832
8,121,171	483874
49,60,516	484025
8,60,121	484066
8,22,49	485280
8,60,124	486292
49,124,171	486921
8,51,171	489563
60,121,122	489591
121,122,171	490278
8,49,308	491912
49,122,150	492118
22,49,122	492226
51,122,171	492532
60,122,124	494381
49,51,121	496435
8,49,84	496667
8,81,122	498653
1,8,122	498743
49,122,308	500185
8,49,514	500487
49,122,158	500996
8,49,379	503662
49,84,122	504284
8,60,516	505149
49,122,514	506153
49,122,379	507061
60,122,516	508912
49,171,516	511772
8,124,171	513169
8,122,149	515359
8,51,121	515834
8,122,308	520840
8,22,122	522661
122,124,171	522681
51,121,122	522795
49,121,124	525979
8,122,514	530469
8,84,122	531560
8,49,146	531900
8,122,379	533005
8,122,150	534602
49,51,124	536581
8,171,516	539655
8,122,158	542054
122,171,516	543052
49,122,146	545624
49,51,516	547231
49,121,516	548834
8,121,124	550911
8,51,124	553285
8,49,60	561618
121,122,124	561777
8,49,878	563360
51,122,124	563888
49,124,516	567412
49,122,878	568782
49,60,122	570152
8,51,516	573784
8,121,516	574996
51,122,516	578952
121,122,516	581244
8,122,146	588417
8,124,516	599234
8,122,878	600225
8,60,122	605625
122,124,516	607487
8,49,171	640616
8,49,121	642484
49,121,122	653171
49,122,171	658247
8,49,51	674483
49,51,122	685528
8,121,122	695061
8,122,171	700249
8,49,124	713925
8,51,122	731321
49,122,124	734441
8,49,516	738535
49,122,516	746940
8,122,124	786584
8,122,516	805092
8,49,122	1035314
8,76,122,124	300100
49,122,124,603	300127
49,121,122,308	300149
49,51,469,516	300198
49,84,514,516	300228
22,84,121,122	300232
8,49,140,516	300260
20,60,122,124	300318
49,60,124,878	300524
20,49,60,516	300589
8,122,308,878	300615
8,49,122,313	300629
8,49,121,509	300647
8,49,51,603	300698
22,51,121,124	300713
49,84,121,514	300740
51,60,122,379	300795
8,14,121,122	300811
122,146,516,524	300837
6,8,49,171	300838
8,14,49,516	300838
8,49,60,123	300905
8,22,49,878	300937
49,121,146,171	301085
8,51,146,171	301105
8,49,121,158	301129
8,49,122,355	301166
51,122,146,171	301237
22,121,122,146	301247
8,49,81,84	301288
8,122,124,142	301296
122,124,146,524	301310
8,9,49,121	301348
49,51,122,603	301383
49,124,469,516	301498
49,122,150,171	301610
8,20,84,516	301705
14,49,122,516	301720
8,122,406,516	301748
8,49,379,514	301810
6,49,122,171	301850
60,122,146,171	301858
49,51,171,514	301889
49,122,140,516	301950
49,60,122,123	301953
8,81,122,379	301960
8,122,124,863	301996
49,121,122,509	302157
49,88,122,124	302160
8,20,51,124	302209
8,49,84,878	302237
8,84,124,514	302281
8,49,121,471	302293
22,49,122,878	302297
49,121,123,516	302348
60,121,124,514	302370
49,81,84,122	302377
8,122,448,516	302381
20,121,124,516	302482
8,49,122,330	302493
8,49,51,150	302551
20,84,122,516	302659
8,122,124,376	302668
1,8,122,146	302692
49,122,146,878	302716
49,122,379,514	302763
49,121,122,524	302830
8,49,146,878	302880
8,84,122,476	302999
49,60,121,878	303191
22,60,121,516	303203
49,121,171,379	303299
8,22,124,146	303310
1,49,121,124	303314
51,81,121,516	303319
9,49,121,122	303340
20,49,60,121	303399
8,51,122,1051	303495
49,60,124,379	303537
49,121,171,878	303554
8,122,472,516	303556
8,60,476,516	303658
49,121,122,471	303664
49,51,121,511	303755
6,49,121,516	303835
49,171,476,516	303900
8,49,509,516	303906
8,49,60,469	303924
84,122,124,514	303972
1,49,51,516	304163
8,51,122,140	304196
8,49,51,123	304199
20,51,122,124	304208
8,20,84,121	304258
6,8,60,122	304278
8,81,124,171	304299
8,81,121,171	304323
49,84,122,878	304387
60,122,476,516	304452
49,121,122,158	304460
51,60,84,121	304487
49,51,124,476	304507
51,60,84,516	304542
60,124,514,516	304573
49,51,171,878	304618
49,60,122,469	304622
8,121,122,603	304652
8,122,124,509	304673
8,49,471,516	304873
8,51,124,511	305025
8,51,122,524	305033
8,49,122,294	305078
8,49,81,514	305094
81,121,122,171	305117
49,122,509,516	305121
8,121,122,142	305175
49,51,122,123	305178
84,121,124,171	305195
49,51,121,146	305230
8,51,171,379	305310
8,122,171,469	305345
8,121,122,140	305369
6,8,51,516	305417
8,81,122,146	305457
81,122,124,171	305472
8,22,49,81	305504
8,51,469,516	305604
8,60,81,124	305709
8,22,51,60	305772
8,84,514,516	305811
121,124,146,516	305817
6,51,122,516	305861
49,124,171,379	305870
8,122,124,471	305902
49,122,471,516	305947
51,122,171,379	305961
51,122,469,516	306046
49,81,122,514	306139
20,49,51,121	306252
8,22,122,379	306255
51,122,124,511	306318
49,60,81,121	306342
8,121,122,150	306349
8,84,121,514	306386
1,49,122,878	306394
49,60,84,171	306437
6,8,124,516	306475
8,121,122,863	306609
51,124,379,516	306620
60,81,122,124	306626
22,49,81,122	306631
20,84,121,122	306661
49,51,121,476	306689
51,124,516,878	306716
8,49,516,863	306759
49,122,149,150	306824
8,122,124,1051	306840
84,122,514,516	306871
22,51,124,516	306894
51,121,516,878	307058
8,49,376,516	307153
8,124,469,516	307303
49,60,121,146	307311
49,51,60,514	307361
6,122,124,516	307367
8,51,171,514	307389
8,20,60,516	307403
22,51,60,122	307419
8,122,124,603	307429
84,124,171,516	307576
20,49,51,516	307626
8,76,122,516	307664
8,22,146,516	307704
49,51,122,150	307728
122,124,469,516	307777
49,122,516,863	307781
8,60,124,878	307864
51,121,124,514	307903
84,121,122,514	307965
22,122,124,146	307998
49,122,376,516	308086
8,9,49,124	308229
8,49,149,171	308248
49,60,121,379	308266
20,60,122,516	308382
51,122,171,514	308476
60,122,124,878	308551
8,81,84,122	308581
22,51,122,171	308594
8,49,116,122	308612
8,121,122,308	308642
8,121,171,379	308723
51,121,379,516	308767
51,60,124,171	309055
8,122,379,514	309056
8,88,121,122	309262
8,60,121,878	309273
8,51,121,511	309287
8,121,123,516	309303
8,51,122,603	309421
8,60,124,379	309528
22,49,124,171	309563
121,122,171,379	309599
8,22,51,171	309715
8,14,122,516	309730
6,8,122,171	309767
6,8,121,516	309779
8,20,49,171	309798
60,121,514,516	309833
8,171,476,516	309911
8,49,142,516	309991
1,8,49,878	310106
121,122,123,516	310129
8,49,72,122	310187
8,121,171,878	310233
51,121,122,511	310266
22,122,146,516	310315
81,121,124,516	310342
8,51,124,476	310460
8,49,123,124	310475
6,121,122,516	310485
60,121,122,878	310530
49,121,469,516	310673
8,20,60,121	310716
122,171,476,516	310878
60,122,124,379	310898
49,122,142,516	310943
8,121,122,149	310997
8,22,122,878	311048
49,124,146,171	311049
49,122,149,171	311053
49,124,171,878	311099
8,88,122,124	311181
8,60,122,469	311228
8,81,122,514	311239
8,49,122,468	311250
20,49,122,171	311302
8,60,122,123	311331
8,84,122,878	311346
1,8,121,124	311447
8,122,158,878	311451
8,60,81,121	311540
8,49,171,511	311563
1,8,51,516	311603
49,122,123,124	311620
8,9,121,122	311671
8,49,124,140	311716
121,122,171,878	311720
8,49,171,524	311748
9,49,122,124	311795
8,51,171,878	311851
22,49,121,171	311883
20,60,121,122	312015
8,49,516,519	312174
22,51,121,516	312232
8,9,49,516	312264
8,122,140,516	312308
49,60,81,516	312310
49,121,124,511	312318
22,49,60,124	312387
1,49,121,516	312451
49,122,171,511	312461
8,121,122,509	312525
8,51,121,476	312543
51,122,124,476	312561
8,49,171,308	312575
60,81,121,122	312642
1,51,122,516	312647
8,122,171,422	312689
8,51,60,514	312693
121,124,516,878	312796
8,124,171,379	312867
49,122,516,519	312874
1,121,122,124	312917
8,121,146,171	312924
8,20,51,121	312964
8,22,81,122	313068
49,60,516,878	313200
8,49,88,516	313268
51,122,171,878	313291
8,49,84,379	313306
8,122,146,878	313386
8,121,122,471	313421
1,8,49,60	313497
1,49,124,516	313501
84,121,171,516	313675
8,51,122,123	313755
51,60,122,514	313756
49,51,84,171	313815
9,49,122,516	313874
122,124,171,379	313922
51,121,122,476	313980
8,49,51,149	314035
8,60,121,379	314061
49,122,124,140	314177
8,60,84,171	314201
49,81,171,516	314310
8,49,60,511	314393
8,20,51,516	314510
49,84,122,379	314520
49,88,122,516	314529
8,121,122,524	314601
20,51,121,122	314670
49,51,124,146	314775
49,51,81,124	314802
8,51,121,146	315036
1,49,51,124	315038
60,121,122,379	315065
1,49,60,122	315073
51,60,121,171	315311
8,122,516,863	315336
8,122,509,516	315358
1,8,122,878	315379
49,60,122,511	315394
8,122,471,516	315413
20,51,122,516	315449
49,124,171,514	315549
49,121,124,476	315590
49,60,124,146	315681
49,60,146,516	315758
49,51,511,516	315932
51,124,514,516	315945
121,122,146,171	316030
8,49,124,524	316035
20,49,124,516	316097
49,121,171,514	316137
8,122,376,516	316281
121,124,379,516	316289
60,84,124,516	316402
49,146,171,516	316604
8,121,469,516	316669
60,84,122,171	316716
49,81,122,878	316800
20,49,121,124	316831
8,49,122,485	316973
121,122,469,516	317136
49,51,122,149	317296
8,49,84,146	317330
1,8,51,124	317429
8,49,514,878	317446
49,60,379,516	317611
8,20,49,84	317675
49,122,171,308	317842
8,60,81,516	318094
49,122,171,524	318115
8,22,49,84	318166
60,84,121,124	318178
49,51,81,121	318371
51,121,514,516	318409
8,22,124,171	318433
8,60,121,146	318452
8,121,122,158	318512
8,121,124,511	318628
51,121,122,146	318676
60,81,122,516	318759
8,124,171,878	318780
1,51,122,124	318924
49,122,514,878	319041
22,49,60,121	319081
8,49,146,514	319452
8,122,142,516	319655
8,122,150,171	319760
8,22,60,124	319839
20,49,84,122	319894
22,49,84,122	319905
8,51,81,124	319910
8,122,171,511	319961
49,51,146,516	319996
121,122,124,511	320022
1,8,121,516	320349
8,22,49,514	320445
8,22,121,171	320491
8,20,122,171	320609
49,51,60,84	320703
8,60,516,878	320789
60,122,516,878	320837
8,81,171,516	320863
122,124,171,878	320910
8,49,51,469	320933
8,49,81,878	320957
49,171,379,516	321034
49,124,511,516	321057
81,122,171,516	321057
22,122,124,171	321062
8,49,158,171	321205
8,122,123,124	321237
51,81,122,124	321355
49,84,122,146	321413
49,51,476,516	321417
1,121,122,516	321463
8,49,122,422	321504
8,49,60,476	321551
49,51,122,469	321604
8,84,122,379	321690
49,122,124,524	321767
22,60,122,124	321985
22,121,122,171	322032
22,49,122,514	322122
8,51,511,516	322184
1,8,124,516	322214
8,121,124,476	322316
8,81,122,878	322336
60,121,122,146	322380
8,121,171,514	322654
8,60,122,511	322665
8,122,516,519	322684
51,60,171,516	322721
51,84,121,124	322761
51,84,122,171	322872
49,60,122,476	322898
51,122,511,516	322982
49,122,146,514	323000
8,9,122,124	323053
8,20,49,60	323130
22,49,60,516	323206
8,49,122,590	323210
8,124,171,514	323297
49,51,121,379	323563
8,51,81,121	323698
8,51,122,150	323710
49,60,124,514	323724
1,122,124,516	323725
8,20,124,516	323822
8,60,379,516	323848
8,9,122,516	323951
8,51,84,171	323975
121,122,124,476	324078
121,122,171,514	324080
8,122,124,140	324119
22,49,171,516	324193
8,49,379,878	324332
51,84,124,516	324420
8,51,124,146	324480
8,20,121,124	324547
8,88,122,516	324642
8,49,121,123	324668
51,81,121,122	324691
60,122,379,516	324700
22,49,51,124	324778
122,124,171,514	324875
49,122,379,878	324898
8,49,124,469	324917
20,49,60,122	324922
20,122,124,516	324977
22,121,124,516	325470
49,121,511,516	325520
8,49,122,448	325570
49,122,124,469	325836
6,8,49,51	325886
49,121,122,123	325921
49,122,516,1051	325922
8,49,516,1051	325926
8,124,146,171	325933
60,84,121,516	326085
49,51,121,878	326239
8,122,149,171	326627
1,8,49,171	326771
8,51,60,84	326782
8,22,60,121	326852
8,49,516,603	326891
1,8,60,122	326988
49,122,516,603	327052
8,49,123,516	327066
49,124,476,516	327067
20,121,122,124	327077
8,60,124,146	327081
8,122,514,878	327114
6,49,51,122	327115
49,122,158,171	327200
8,49,124,149	327317
49,81,121,124	327351
8,122,171,308	327456
60,121,124,171	327524
8,60,146,516	327612
20,49,121,516	327619
8,49,122,275	327689
8,124,511,516	327761
49,60,121,514	327893
8,51,476,516	327929
49,122,123,516	328003
49,171,514,516	328308
6,8,49,121	328366
49,171,516,878	328370
51,60,84,122	328387
49,84,124,171	328440
8,171,379,516	328470
22,60,121,122	328654
22,49,51,121	328685
1,49,122,171	328700
8,122,171,524	328786
122,171,379,516	328830
6,8,49,124	328941
122,124,511,516	329139
8,51,122,469	329168
49,121,476,516	329209
51,122,476,516	329270
122,124,146,171	329394
6,49,121,122	329565
8,51,121,379	329751
8,20,84,122	329752
8,49,51,308	329848
51,122,124,146	329871
60,122,146,516	329894
8,49,84,514	329907
8,20,49,51	330109
8,22,122,514	330316
8,22,84,122	330320
8,51,146,516	330577
51,121,122,379	330671
8,49,516,524	330688
6,49,122,124	330695
49,51,122,308	330904
8,22,60,516	330937
8,122,149,150	331083
8,146,171,516	331133
8,60,122,476	331181
8,49,122,472	331323
8,60,124,514	331412
49,84,121,171	331440
51,84,121,516	331490
49,84,122,514	331721
8,51,122,149	331938
8,121,511,516	332088
122,146,171,516	332117
20,49,51,122	332287
49,122,124,149	332380
22,60,122,516	332460
8,51,121,878	332663
8,22,51,124	332897
121,124,514,516	332941
49,121,124,146	332963
121,122,511,516	333067
51,122,146,516	333077
8,49,121,469	333098
8,49,122,220	333098
60,122,124,514	333127
8,122,379,878	333138
49,60,514,516	333216
8,49,171,476	333302
60,122,124,146	333405
8,81,121,124	333583
8,22,171,516	333718
49,121,124,878	333781
60,124,171,516	333792
49,121,122,469	333863
49,122,516,524	333935
49,121,124,379	333956
8,122,124,469	334155
49,51,81,516	334404
8,49,51,158	334451
8,124,476,516	334567
22,122,171,516	334693
8,60,121,514	334768
51,121,122,878	334777
8,49,150,516	334844
8,20,60,122	334916
81,121,122,124	334934
8,14,49,122	334958
22,51,122,124	335310
49,60,84,124	335398
8,171,514,516	335433
49,122,171,476	335524
49,51,124,514	335749
6,8,51,122	335837
8,84,122,146	335937
8,122,516,603	336105
122,124,476,516	336169
8,49,124,150	336191
8,121,122,123	336227
8,122,516,1051	336258
8,121,476,516	336282
8,20,121,516	336307
8,122,124,524	336322
60,121,122,514	336365
122,171,514,516	336452
8,22,51,121	336523
49,51,121,514	336586
8,122,146,514	336666
49,121,146,516	336706
8,84,124,171	336787
49,84,171,516	337213
121,122,476,516	337284
20,121,122,516	337399
122,171,516,878	337564
8,171,516,878	337634
6,8,121,122	337957
49,122,150,516	338023
8,122,123,516	338194
22,51,121,122	338239
8,49,122,509	338801
8,49,122,471	338813
8,49,60,81	339084
49,51,122,158	339130
8,84,121,171	339497
60,121,171,516	339608
8,49,122,406	339847
51,121,124,171	339937
84,122,124,171	340159
8,60,514,516	340175
49,51,60,171	340370
6,8,122,124	340504
49,60,81,122	340543
1,8,122,171	340615
8,84,122,514	340662
49,81,124,516	340739
8,51,81,516	340800
22,49,51,516	340911
8,121,124,878	340961
8,121,124,379	341080
8,49,51,511	341149
8,51,122,308	341174
60,122,514,516	341304
49,51,124,379	341491
51,81,122,516	341582
8,20,51,122	341699
84,121,122,171	341724
8,20,49,124	342187
8,121,122,469	342196
49,51,122,511	342411
121,122,124,379	342469
8,51,124,514	342781
8,51,121,514	343167
8,49,60,379	343423
121,122,124,878	343680
49,60,84,121	343857
49,51,379,516	343886
8,22,49,146	343928
8,60,84,124	343928
8,49,122,863	343992
49,60,84,516	344042
49,81,121,516	344402
49,51,84,124	344482
51,121,122,514	344612
8,122,171,476	344620
51,122,124,514	344714
8,49,122,142	344726
49,124,146,516	344833
84,121,124,516	344885
20,49,122,124	344889
8,49,60,878	344937
49,60,122,379	345015
1,8,49,121	345579
22,49,121,124	345698
49,122,124,150	345830
8,84,171,516	346018
8,49,149,516	346352
8,49,124,308	346362
8,49,158,516	346435
49,60,122,878	346895
49,51,124,878	346919
8,121,124,146	346954
8,49,308,516	347038
8,122,158,171	347081
84,122,171,516	347392
1,49,121,122	347393
60,84,122,124	347578
8,81,124,516	347845
8,49,76,122	348014
8,122,516,524	348314
49,122,149,516	348324
49,122,308,516	348578
8,51,124,379	348688
81,122,124,516	348802
22,49,122,146	348812
8,51,60,171	348885
49,122,158,516	348982
51,60,121,124	349055
49,121,379,516	349417
49,124,379,516	349521
8,60,81,122	349561
8,22,51,516	349734
49,51,514,516	349796
51,122,124,379	349956
8,49,81,171	349962
8,49,469,516	350000
8,49,51,476	350020
8,121,146,516	350275
8,49,124,511	350354
49,122,469,516	350563
8,49,124,158	350670
51,60,122,171	350671
49,122,124,308	350677
8,49,122,519	350754
49,51,84,121	350852
22,51,122,516	350873
49,121,516,878	351253
8,81,121,516	351351
8,51,122,511	351483
6,8,49,516	351569
49,81,122,171	351645
8,51,84,124	351689
8,49,121,511	351829
8,51,379,516	351871
8,122,124,149	351913
49,51,122,476	352077
8,60,84,516	352118
49,122,124,511	352179
121,122,124,146	352249
6,49,122,516	352323
81,121,122,516	352380
49,51,516,878	352522
51,122,379,516	352592
8,60,84,121	352607
22,49,124,516	353320
49,121,122,511	353359
8,51,124,878	353414
8,22,49,60	353465
121,122,146,516	353859
8,20,49,121	354072
8,60,122,379	354138
8,49,146,524	354140
60,84,122,516	354183
49,60,124,171	354610
51,84,122,124	354719
8,49,88,122	354751
8,49,122,376	354774
60,84,121,122	354849
51,124,171,516	355041
49,51,84,516	355276
51,60,124,516	355389
49,122,146,524	355635
8,20,122,124	355915
49,124,516,878	355928
8,49,171,379	355951
8,20,49,516	355977
22,49,60,122	355998
8,22,121,124	356087
51,121,171,516	356178
20,49,121,122	356311
8,51,122,158	356361
51,122,124,878	356607
49,121,124,514	356773
8,121,379,516	356879
8,51,514,516	356999
49,122,171,379	357091
20,49,122,516	357303
8,60,122,878	357373
22,49,121,516	357489
49,122,124,158	357823
121,122,379,516	357849
8,49,121,476	358130
51,122,514,516	358196
8,124,379,516	358418
49,60,121,171	358482
8,51,84,121	358496
22,121,122,124	358843
8,22,49,171	358847
122,124,379,516	359502
8,121,516,878	359547
1,8,121,122	359568
8,122,150,516	359736
1,8,49,51	359839
8,81,122,171	359977
8,49,122,123	359993
8,49,124,476	360008
49,121,122,476	360022
8,122,469,516	360307
8,124,146,516	360662
51,84,121,122	360821
121,122,516,878	360857
22,49,122,171	360862
1,49,51,122	361017
8,51,516,878	361369
8,122,308,516	361828
8,51,122,476	361947
8,122,124,511	362091
51,60,121,516	362660
49,122,124,476	362781
8,49,171,514	362794
51,122,516,878	362854
8,121,122,511	362956
8,51,84,516	363462
6,8,122,516	363831
8,22,124,516	363990
8,122,124,308	364087
122,124,146,516	364277
8,49,60,146	364439
8,9,49,122	364629
49,122,171,514	364643
51,84,122,516	364663
8,121,124,514	365024
8,49,60,514	365701
1,8,49,516	365883
8,60,124,171	365883
8,124,516,878	365916
22,122,124,516	366420
49,124,514,516	366519
8,122,149,516	366581
49,121,514,516	366658
8,49,51,81	366945
121,122,124,514	367406
49,60,122,514	367708
8,49,51,146	367751
122,124,516,878	367753
60,122,124,171	367852
49,51,81,122	367977
1,49,122,516	368026
8,60,121,171	368184
8,22,121,516	368231
8,22,60,122	368564
121,124,171,516	368573
8,20,121,122	368615
8,122,171,379	368674
8,49,122,603	368992
49,84,121,124	369158
49,60,171,516	369399
8,49,511,516	369525
8,22,122,146	369526
49,84,124,516	369566
8,49,122,140	369672
8,20,122,516	369734
8,122,158,516	370074
22,121,122,516	370083
60,121,122,171	370117
8,122,124,150	370339
8,49,146,171	370530
8,121,122,476	370582
49,122,511,516	370744
49,60,122,146	370985
49,51,122,146	372410
1,8,51,122	372667
8,49,84,171	373989
8,49,122,905	374397
8,22,49,51	374703
8,49,81,121	375037
8,121,514,516	375104
1,8,49,124	375413
49,122,146,171	375483
8,122,146,524	375508
8,124,514,516	375561
8,122,124,476	375563
8,49,122,1051	376236
8,122,171,514	376400
121,122,514,516	376513
49,84,121,516	376721
49,84,122,171	376782
60,121,124,516	376884
8,51,81,122	376926
49,81,121,122	376965
8,22,122,171	377107
22,49,51,122	377108
49,51,121,171	377333
49,51,60,124	377378
122,124,514,516	377450
8,49,60,84	377678
8,122,124,158	377977
8,49,171,878	378410
8,60,122,514	378560
8,84,121,124	378594
1,49,122,124	378744
8,49,81,124	378765
8,84,124,516	379825
8,49,476,516	380356
49,60,84,122	380441
8,60,171,516	380628
60,122,171,516	381135
8,49,121,379	381184
49,81,122,124	381618
8,122,511,516	381629
49,122,476,516	381699
1,8,122,516	381700
49,51,124,171	382200
84,122,124,516	382230
49,122,171,878	382242
84,121,122,124	382418
49,121,122,379	382677
49,51,60,121	383043
8,49,51,514	384701
8,51,60,124	386226
8,49,121,146	386534
8,84,121,516	386603
8,81,121,122	386629
49,51,122,514	386787
8,51,121,171	386962
8,49,122,469	388168
84,121,122,516	388766
51,121,122,171	388864
51,60,122,124	388995
8,49,121,878	389319
8,84,122,171	390792
8,51,122,146	391065
8,49,51,84	391179
8,81,122,124	391500
8,60,122,146	391521
8,22,51,122	392049
49,121,122,878	392220
49,121,122,146	392264
49,121,124,171	392425
8,51,124,171	392736
8,51,60,121	392817
8,60,84,122	393294
8,121,122,379	393862
8,122,476,516	393907
49,51,84,122	394428
1,8,122,124	394598
51,121,124,516	394679
51,60,121,122	394688
8,22,49,121	394851
49,51,60,516	395037
8,22,49,124	395059
8,20,49,122	395168
8,49,51,379	395400
51,122,124,171	395635
8,122,171,878	396220
49,51,122,379	396535
8,51,122,514	397583
22,49,121,122	397705
8,122,146,171	398821
22,49,122,124	399290
49,60,121,124	401052
8,49,81,516	401927
49,81,122,516	403131
6,8,49,122	404112
49,51,171,516	404182
8,121,122,878	404460
8,51,60,516	405201
8,121,124,171	405570
8,49,121,514	405991
8,49,124,379	406383
51,60,122,516	406884
8,51,84,122	407104
49,122,124,379	408127
49,121,122,514	408497
8,51,122,379	408712
121,122,124,171	408734
8,49,124,146	409285
49,60,124,516	409502
8,49,60,171	410382
8,49,146,516	410816
49,121,171,516	411472
8,49,124,514	411568
8,22,49,516	412691
8,121,122,146	413136
49,60,122,171	413153
8,60,121,124	413197
8,22,121,122	413319
8,49,379,516	413619
8,49,84,124	414057
49,122,379,516	414289
49,124,171,516	414568
49,122,124,514	414800
8,81,122,516	414835
22,49,122,516	414845
8,22,122,124	414915
8,49,51,878	415236
49,122,146,516	415684
60,121,122,124	416102
8,49,122,511	416197
49,60,121,516	416372
8,51,171,516	416750
8,49,84,121	417733
49,51,122,878	418047
51,122,171,516	418191
49,84,122,124	418785
49,122,124,146	420426
8,121,122,514	420919
49,51,121,124	420927
49,84,121,122	421387
8,122,124,379	421886
8,49,124,878	422541
8,60,124,516	422796
8,49,84,516	423670
60,122,124,516	424273
8,121,171,516	424837
8,49,514,516	425903
49,84,122,516	426131
121,122,171,516	427089
49,122,514,516	427794
8,60,121,516	428759
49,122,124,878	428995
8,122,379,516	429001
8,49,122,524	429364
8,122,124,514	429599
8,60,122,171	430449
8,124,171,516	430614
60,121,122,516	430848
8,22,122,516	431831
8,51,122,878	432253
8,51,121,124	432741
122,124,171,516	432832
8,49,516,878	434027
8,84,122,124	434881
8,49,51,60	435112
8,84,121,122	436118
49,122,516,878	436224
51,121,122,124	436686
8,49,122,476	436889
49,51,60,122	438113
8,122,146,516	438819
8,122,124,878	441822
8,122,514,516	441931
8,84,122,516	442081
49,51,121,516	442371
8,122,124,146	443579
49,51,124,516	445171
8,122,516,878	453323
8,51,60,122	453990
8,49,122,149	454342
8,51,121,516	455451
51,121,122,516	457540
8,49,60,124	458388
49,121,124,516	459152
8,49,121,171	459158
8,51,124,516	459647
8,49,122,150	459656
8,49,51,171	460579
8,49,60,121	460819
1,8,49,122	461343
49,121,122,171	462630
51,122,124,516	462782
49,60,122,124	463376
49,51,122,171	463723
49,60,121,122	464287
8,49,81,122	471514
8,49,122,158	473924
8,121,124,516	475573
8,49,122,308	478220
8,49,124,171	478272
121,122,124,516	479296
8,49,60,516	479613
49,60,122,516	482342
8,22,49,122	482694
8,121,122,171	482730
8,60,121,122	482939
8,60,122,124	482985
49,122,124,171	483731
8,51,122,171	484322
8,49,51,121	491986
8,49,84,122	493785
49,51,121,122	495817
8,49,122,514	498428
8,49,122,379	499330
8,60,122,516	502356
8,49,171,516	505953
8,122,124,171	507619
49,122,171,516	508727
8,51,121,122	514974
8,49,121,124	519149
8,49,122,146	520432
8,49,51,124	523160
49,121,122,124	524899
49,51,122,124	529476
8,122,171,516	533716
8,49,51,516	541826
8,49,121,516	544367
49,51,122,516	545103
49,121,122,516	547869
8,121,122,124	549587
8,49,122,878	550369
8,51,122,124	551180
8,49,60,122	558628
8,49,124,516	559199
49,122,124,516	564239
8,51,122,516	571220
8,121,122,516	573750
8,122,124,516	594475
8,49,122,171	632561
8,49,121,122	640419
8,49,51,122	669483
8,49,122,124	707037
8,49,122,516	731576
49,84,122,514,516	300019
49,51,122,469,516	300137
8,49,51,122,603	300153
49,60,122,124,878	300187
22,49,51,124,516	300223
8,22,49,122,878	300263
6,8,49,122,171	300328
8,49,121,122,158	300394
20,49,60,122,516	300437
49,51,124,516,878	300452
49,84,124,171,516	300467
8,49,121,122,509	300483
49,84,121,122,514	300565
22,51,121,122,124	300584
49,121,122,146,171	300624
8,14,49,122,516	300634
8,49,81,84,122	300644
8,49,60,122,123	300711
49,51,124,379,516	300736
8,49,51,171,514	300899
8,49,51,122,150	300902
8,9,49,121,122	300965
8,49,124,469,516	301049
8,60,121,124,514	301221
8,20,84,122,516	301355
8,49,84,122,878	301358
49,122,124,469,516	301377
51,84,121,124,516	301452
8,49,122,379,514	301466
49,51,121,516,878	301574
8,20,121,124,516	301684
8,49,121,123,516	301688
49,51,122,171,514	301697
8,84,122,124,514	301935
8,20,51,122,124	302032
8,49,121,122,471	302073
1,8,49,121,124	302085
8,49,60,121,878	302143
60,121,122,124,514	302204
49,51,121,124,514	302217
8,22,122,124,146	302235
8,49,60,124,379	302237
49,121,122,123,516	302249
8,22,60,121,516	302270
8,49,121,171,878	302288
8,20,49,60,121	302353
20,121,122,124,516	302370
8,49,121,171,379	302513
8,49,171,476,516	302682
8,49,51,124,476	302690
49,51,60,124,171	302784
8,51,81,121,516	302808
8,49,51,171,878	302904
1,8,49,122,878	302949
8,49,51,121,511	303009
1,49,121,122,124	303029
8,49,51,121,146	303036
49,60,121,122,878	303036
22,60,121,122,516	303056
1,8,49,51,516	303140
49,121,122,171,379	303145
8,121,124,146,516	303224
6,8,49,121,516	303234
20,49,60,121,122	303235
51,81,121,122,516	303252
49,121,122,171,878	303283
49,60,122,124,379	303322
8,51,60,84,516	303328
49,122,171,476,516	303329
8,60,122,476,516	303416
8,81,122,124,171	303437
8,60,124,514,516	303523
8,51,60,84,121	303597
8,49,122,509,516	303616
49,51,121,122,511	303688
6,49,121,122,516	303713
8,49,60,122,469	303773
49,51,121,379,516	303852
1,49,51,122,516	303884
8,84,121,124,171	303915
51,60,84,122,516	304017
49,51,122,171,878	304024
49,51,122,124,476	304057
8,20,84,121,122	304060
8,49,51,122,123	304064
8,81,121,122,171	304102
8,49,60,121,146	304157
49,60,121,514,516	304162
60,122,124,514,516	304305
51,60,84,121,122	304369
8,49,124,171,379	304425
8,49,122,471,516	304637
8,49,81,122,514	304638
8,49,60,84,171	304664
8,49,122,149,171	304680
8,51,122,171,379	304820
8,22,49,81,122	304883
49,51,121,122,146	304886
8,20,49,51,121	304913
8,51,122,124,511	304949
49,81,121,124,516	304952
84,121,122,124,171	305041
8,60,81,122,124	305079
6,8,51,122,516	305156
49,122,124,171,379	305259
8,49,60,81,121	305274
121,122,124,146,516	305469
8,51,124,516,878	305511
8,51,122,469,516	305516
8,22,51,60,122	305527
60,121,124,171,516	305534
8,84,122,514,516	305563
8,49,51,121,476	305618
8,22,51,124,516	305768
49,60,84,122,171	305862
22,49,51,121,516	305920
8,51,124,379,516	305962
20,49,51,121,122	306135
49,60,81,121,122	306169
8,84,121,122,514	306197
6,8,122,124,516	306220
8,49,122,516,863	306276
8,49,51,60,514	306372
8,51,121,516,878	306377
8,60,122,124,878	306383
8,84,124,171,516	306406
51,122,124,379,516	306456
8,49,122,376,516	306476
51,122,124,516,878	306505
49,51,121,122,476	306566
49,121,124,516,878	306614
8,22,122,146,516	306629
49,60,121,122,146	306696
22,51,122,124,516	306718
8,22,51,122,171	306735
8,51,121,124,514	306819
8,20,49,51,516	306825
51,121,122,516,878	306970
49,84,121,171,516	306998
8,122,124,469,516	307126
8,51,122,171,514	307135
49,51,60,122,514	307160
8,20,60,122,516	307209
8,9,49,122,124	307253
84,122,124,171,516	307277
8,49,60,121,379	307422
20,49,51,122,516	307484
8,49,124,146,171	307509
51,121,122,124,514	307787
8,51,60,124,171	307898
8,49,124,171,878	307910
8,22,49,124,171	308032
49,60,121,122,379	308130
8,49,60,124,146	308210
8,51,121,379,516	308220
8,121,122,171,379	308530
51,121,122,379,516	308668
51,60,122,124,171	308851
8,60,121,122,878	309100
1,8,49,51,124	309103
8,60,121,514,516	309107
8,60,122,124,379	309164
22,49,122,124,171	309175
49,60,84,124,516	309177
8,121,122,123,516	309181
8,51,121,122,511	309228
8,122,171,476,516	309263
49,51,60,121,171	309302
8,20,49,122,171	309467
8,81,121,124,516	309588
6,8,121,122,516	309610
8,49,122,142,516	309644
60,121,122,514,516	309684
8,121,122,171,878	309915
49,122,124,146,171	309946
1,49,51,122,124	309993
8,49,51,124,146	310001
8,51,122,124,476	310089
49,51,124,514,516	310146
81,121,122,124,516	310211
8,49,122,171,308	310228
49,122,124,171,878	310232
8,49,122,171,524	310286
8,49,121,469,516	310294
8,49,122,123,124	310298
8,20,60,121,122	310513
49,121,124,379,516	310531
8,22,49,60,124	310572
49,121,122,469,516	310603
8,49,122,124,140	310624
8,22,49,121,171	310680
49,60,84,121,124	310729
8,51,122,171,878	310941
1,8,121,122,124	311126
8,49,122,171,511	311211
1,8,51,122,516	311267
8,49,121,124,511	311278
8,49,122,516,519	311299
8,60,81,121,122	311310
8,49,60,81,516	311368
8,22,51,121,516	311404
1,8,49,121,516	311405
8,9,49,122,516	311451
22,49,121,122,171	311655
1,8,49,124,516	311842
49,60,81,122,516	311870
8,121,124,516,878	311884
22,51,121,122,516	312112
22,49,60,122,124	312118
49,60,122,124,146	312181
8,122,124,171,379	312194
1,49,121,122,516	312216
49,121,122,124,511	312229
8,49,60,516,878	312250
8,121,122,146,171	312345
8,49,60,146,516	312367
8,51,121,122,476	312394
8,51,60,122,514	312449
8,49,51,84,171	312502
8,49,51,122,149	312507
8,84,121,171,516	312568
121,122,124,516,878	312653
8,49,88,122,516	312702
1,49,122,124,516	312800
8,20,51,121,122	312814
8,49,84,122,379	312850
1,8,49,60,122	312856
49,60,122,516,878	312943
49,51,121,514,516	312974
8,49,81,171,516	313293
49,51,122,124,146	313384
8,60,84,122,171	313404
8,49,51,81,124	313412
49,51,84,122,171	313422
84,121,122,171,516	313551
49,81,122,171,516	313652
8,49,81,122,878	313830
8,60,121,122,379	313890
8,49,60,122,511	314070
8,49,146,171,516	314147
8,49,124,171,514	314194
8,49,121,124,476	314251
8,20,51,122,516	314323
8,49,122,124,524	314412
49,51,81,122,124	314489
49,60,122,146,516	314493
8,51,121,122,146	314565
8,51,60,121,171	314592
8,60,84,124,516	314904
8,51,124,514,516	315003
8,49,121,171,514	315008
8,20,49,124,516	315097
8,20,49,121,124	315144
51,60,121,122,171	315194
49,122,124,171,514	315197
8,49,51,511,516	315333
49,121,122,124,476	315416
8,121,124,379,516	315557
49,122,146,171,516	315765
51,122,124,514,516	315765
60,84,122,124,516	315823
49,51,84,121,124	315825
49,51,122,511,516	315835
20,49,122,124,516	315883
49,121,122,171,514	315932
8,49,84,122,146	316143
121,122,124,379,516	316150
49,51,60,171,516	316381
8,49,122,158,171	316517
8,121,122,469,516	316566
20,49,121,122,124	316657
22,49,121,124,516	316714
8,122,124,171,878	316749
8,49,60,379,516	316779
8,60,84,121,124	316831
1,8,51,122,124	316959
8,49,122,514,878	316996
51,121,124,171,516	317032
8,20,49,84,122	317286
8,49,51,146,516	317349
49,60,122,379,516	317409
8,49,51,81,121	317523
8,60,81,122,516	317570
49,51,84,124,516	317571
8,22,49,84,122	317637
8,22,49,60,121	317640
8,60,121,122,146	317685
8,51,121,514,516	317721
8,22,122,124,171	317823
60,84,121,122,124	317995
49,51,81,121,122	318254
51,121,122,514,516	318319
8,49,122,146,514	318413
8,121,122,124,511	318545
49,60,84,121,516	318821
22,49,60,121,122	318844
49,51,122,146,516	319063
8,49,51,60,84	319081
8,22,60,122,124	319359
8,60,122,516,878	319425
8,51,81,122,124	319575
8,81,122,171,516	319801
49,60,121,124,171	319807
1,8,121,122,516	320068
8,22,49,122,514	320086
8,49,171,379,516	320122
8,49,124,511,516	320153
49,51,60,84,122	320185
8,22,121,122,171	320189
8,49,51,476,516	320191
49,122,171,379,516	320349
8,49,51,122,469	320797
49,122,124,511,516	320940
8,51,84,121,124	320956
8,51,84,122,171	320984
49,51,122,476,516	321090
8,49,60,122,476	321210
1,8,122,124,516	321365
8,51,60,171,516	321908
8,22,49,60,516	321958
8,49,60,124,514	322082
8,51,122,511,516	322084
8,121,122,124,476	322095
8,121,122,171,514	322402
51,60,122,171,516	322516
51,84,121,122,124	322622
8,49,122,379,878	322745
8,49,51,121,379	322796
8,122,124,171,514	322824
8,20,49,60,122	322849
8,51,84,124,516	322926
22,49,60,122,516	322952
8,22,49,51,124	323010
8,22,49,171,516	323055
8,122,124,146,171	323361
49,60,122,124,514	323386
49,51,121,122,379	323426
8,20,122,124,516	323550
8,51,81,121,122	323556
8,60,122,379,516	323604
8,51,122,124,146	323622
22,49,122,171,516	323762
51,84,122,124,516	323835
8,22,121,124,516	324076
8,49,122,124,149	324283
8,60,122,124,146	324325
8,20,121,122,124	324329
8,49,121,122,123	324483
22,49,51,122,124	324509
8,49,51,121,878	324638
8,49,122,124,469	324673
8,49,122,516,1051	324771
8,49,121,511,516	324777
49,60,124,171,516	324790
49,51,84,121,516	324862
8,60,84,121,516	324927
22,121,122,124,516	325301
8,60,122,146,516	325415
49,121,122,511,516	325427
6,8,49,51,122	325497
8,49,124,476,516	325570
1,8,49,122,171	325605
51,60,121,124,516	325680
8,49,122,516,603	325836
60,84,121,122,516	325946
49,121,124,514,516	326069
49,51,121,122,878	326097
8,49,81,121,124	326136
8,49,84,124,171	326176
8,49,171,516,878	326302
8,60,121,124,171	326383
8,51,60,84,122	326539
8,22,60,121,122	326564
8,49,60,121,514	326607
49,122,124,476,516	326696
8,20,49,121,516	326740
8,49,122,123,516	326842
49,81,121,122,124	327115
49,122,171,516,878	327178
8,49,171,514,516	327245
8,22,49,51,121	327348
60,121,122,124,171	327353
20,49,121,122,516	327478
8,51,122,476,516	327565
8,122,124,511,516	327637
8,49,51,122,308	327648
49,60,121,122,514	327683
8,122,171,379,516	327713
49,84,122,124,171	327803
49,122,171,514,516	327990
6,8,49,121,122	328121
8,49,121,476,516	328367
6,8,49,122,124	328467
8,122,146,171,516	328471
22,49,51,121,122	328495
49,121,122,476,516	329043
8,49,122,516,524	329049
8,49,121,124,146	329206
8,49,84,122,514	329530
8,51,121,122,379	329576
8,51,122,146,516	329582
8,49,84,121,171	329867
8,20,49,51,122	329874
8,51,84,121,516	330547
8,22,60,122,516	330606
8,60,122,124,514	330898
49,84,121,122,171	331238
51,84,121,122,516	331356
8,49,121,124,878	331739
8,121,124,514,516	331800
49,60,121,171,516	331915
8,121,122,511,516	332004
8,49,122,150,516	332047
8,49,60,514,516	332089
8,49,122,171,476	332169
49,121,122,124,146	332360
49,51,121,124,171	332371
60,122,124,171,516	332449
8,51,121,122,878	332495
8,22,51,122,124	332566
8,49,51,122,158	332633
8,60,124,171,516	332702
121,122,124,514,516	332786
8,49,121,124,379	332797
8,49,60,84,124	332867
49,60,122,514,516	332909
8,22,122,171,516	332959
8,49,121,122,469	332965
8,49,122,124,150	333267
8,81,121,122,124	333319
8,49,51,81,516	333491
49,121,122,124,878	333500
49,121,122,124,379	333737
8,122,124,476,516	334027
8,49,121,146,516	334029
49,51,81,122,516	334062
8,49,51,124,514	334217
49,60,84,122,124	334430
8,60,121,122,514	334514
8,122,171,516,878	334804
8,122,171,514,516	335004
8,49,51,121,514	335426
49,51,122,124,514	335485
8,49,84,171,516	335551
8,84,122,124,171	335972
8,121,122,476,516	336087
8,20,121,122,516	336118
49,121,122,146,516	336219
8,22,51,121,122	336274
49,51,121,122,514	336436
49,84,122,171,516	336592
49,84,121,124,516	336657
8,49,60,81,122	338318
8,51,121,124,171	338575
8,60,121,171,516	338576
8,49,51,60,171	339026
8,84,121,122,171	339247
8,49,81,124,516	339321
60,121,122,171,516	339444
8,22,49,51,516	339706
51,121,122,124,171	339787
8,60,122,514,516	339794
49,81,122,124,516	339985
49,51,60,122,171	340125
8,49,51,124,379	340342
8,51,81,122,516	340406
22,49,51,122,516	340566
8,121,122,124,878	340659
8,49,124,146,516	340714
8,121,122,124,379	340834
8,49,51,122,511	340990
49,51,60,121,124	341043
49,51,122,124,379	341213
8,49,51,84,124	341695
8,20,49,122,124	341824
8,49,60,84,516	342062
8,49,60,84,121	342139
8,22,49,122,146	342380
8,51,122,124,514	342454
8,51,121,122,514	342981
8,49,60,122,379	342997
8,49,51,379,516	343021
8,60,84,122,124	343106
49,60,84,122,516	343277
8,84,121,124,516	343387
8,49,122,149,516	343407
8,49,81,121,516	343420
49,122,124,146,516	343473
49,51,122,379,516	343545
8,22,49,121,124	343611
49,60,84,121,122	343633
49,51,84,122,124	343697
8,49,122,158,516	343733
8,49,51,124,878	343749
8,49,122,124,308	343840
49,81,121,122,516	344194
8,49,60,122,878	344237
84,121,122,124,516	344716
8,49,122,308,516	344832
8,84,122,171,516	345089
1,8,49,121,122	345177
22,49,121,122,124	345398
8,49,122,146,524	345613
49,51,122,124,878	345914
49,51,124,171,516	346098
8,121,122,124,146	346220
8,81,122,124,516	347003
49,51,60,124,516	347330
8,51,60,121,124	347729
8,49,122,124,158	348058
8,49,124,379,516	348234
8,51,122,124,379	348380
8,51,60,122,171	348408
49,51,121,171,516	348494
8,49,121,379,516	348506
8,49,81,122,171	348576
8,49,51,514,516	348752
51,60,121,122,124	348912
49,122,124,379,516	348928
8,49,51,84,121	349058
8,22,51,122,516	349059
49,121,122,379,516	349193
8,49,51,122,476	349212
49,51,122,514,516	349548
8,121,122,146,516	349667
8,49,122,469,516	349699
8,49,122,124,511	349948
8,49,121,516,878	350134
49,51,84,121,122	350667
6,8,49,122,516	351002
8,49,51,516,878	351002
49,121,122,516,878	351026
8,81,121,122,516	351086
8,51,84,122,124	351305
8,22,49,124,516	351469
8,51,122,379,516	351484
8,60,84,122,516	351608
8,49,121,122,511	351706
49,51,122,516,878	352047
8,60,84,121,122	352337
8,49,60,124,171	352498
8,22,49,60,122	352930
8,51,122,124,878	352941
22,49,122,124,516	352948
8,49,124,516,878	353393
8,49,51,84,516	353520
8,51,124,171,516	353566
8,51,60,124,516	353773
8,20,49,121,122	353796
49,60,122,124,171	354071
8,49,122,171,379	354508
49,51,84,122,516	354593
51,122,124,171,516	354675
51,60,122,124,516	354732
49,51,60,121,516	354817
8,49,121,124,514	354884
49,122,124,516,878	355145
8,51,121,171,516	355288
8,20,49,122,516	355577
8,22,121,122,124	355734
51,121,122,171,516	356025
8,22,49,121,516	356072
49,121,122,124,514	356494
8,121,122,379,516	356637
8,51,122,514,516	356690
8,49,60,121,171	357014
22,49,121,122,516	357221
8,122,124,379,516	357806
8,49,121,122,476	357830
8,22,49,122,171	357884
49,121,124,171,516	357946
8,122,124,146,516	358239
49,60,121,122,171	358264
8,51,84,121,122	358287
1,8,49,51,122	358362
8,49,122,124,476	359061
8,121,122,516,878	359268
8,51,122,516,878	360771
8,51,60,121,516	361690
8,49,122,171,514	362147
51,60,121,122,516	362524
8,49,60,122,146	362544
8,51,84,122,516	362790
8,22,122,124,516	363486
8,60,122,124,171	363982
8,122,124,516,878	364009
8,121,122,124,514	364703
8,49,124,514,516	364850
1,8,49,122,516	364878
8,49,60,122,514	365166
8,49,121,514,516	365444
8,49,51,81,122	365471
8,49,51,122,146	365679
49,122,124,514,516	366058
49,121,122,514,516	366426
8,49,84,121,124	366576
8,121,124,171,516	367028
49,60,121,124,516	367066
8,49,84,124,516	367317
8,49,60,171,516	367761
8,60,121,122,171	367863
8,22,121,122,516	367880
121,122,124,171,516	368350
8,49,122,146,171	368686
49,84,122,124,516	368832
49,84,121,122,124	368852
49,60,122,171,516	368896
8,49,122,511,516	369300
8,49,84,122,171	372848
8,22,49,51,122	373980
1,8,49,122,124	374155
8,49,51,60,124	374522
8,49,81,121,122	374635
8,121,122,514,516	374832
8,122,124,514,516	374994
8,49,84,121,516	375000
8,60,121,124,516	375397
8,49,122,171,878	375763
8,49,51,121,171	375834
49,51,60,122,124	376316
49,84,121,122,516	376497
60,121,122,124,516	376684
8,49,60,84,122	376912
49,51,121,122,171	377097
8,49,81,122,124	377183
8,84,121,122,124	378256
8,60,122,171,516	378889
8,49,122,476,516	379274
8,84,122,124,516	379321
8,49,51,124,171	379484
8,49,121,122,379	380813
49,51,122,124,171	381488
8,49,51,60,121	381611
49,51,60,121,122	382850
8,49,51,122,514	384176
49,51,121,124,516	384631
8,49,121,122,146	385467
8,51,60,122,124	385762
8,84,121,122,516	386351
8,51,121,122,171	386643
8,49,121,122,878	388837
8,49,121,124,171	390162
8,49,51,84,122	390528
8,51,122,124,171	391990
49,121,122,124,171	392046
8,51,60,121,122	392559
8,51,121,124,516	393100
8,49,51,60,516	393213
8,22,49,122,124	394260
8,22,49,121,122	394319
49,51,60,122,516	394345
51,121,122,124,516	394503
8,49,51,122,379	394567
8,49,60,121,124	398786
8,49,81,122,516	400507
49,60,121,122,124	400740
8,49,51,171,516	402286
49,51,122,171,516	403574
8,51,60,122,516	404750
8,49,122,124,379	404864
8,121,122,124,171	405093
8,49,121,122,514	405542
8,49,60,124,516	407040
8,49,122,124,146	407048
49,60,122,124,516	408617
8,49,122,146,516	409108
8,49,60,122,171	409277
8,49,121,171,516	409819
8,49,122,124,514	410630
49,121,122,171,516	411132
8,49,124,171,516	411537
8,22,49,122,516	411741
8,49,122,379,516	412130
8,60,121,122,124	412764
8,49,84,122,124	413054
8,49,51,122,878	413331
49,122,124,171,516	413678
8,49,60,121,516	414655
8,51,122,171,516	415630
49,60,121,122,516	416070
8,49,84,121,122	417330
8,49,51,121,124	418090
8,49,122,124,878	420513
49,51,121,122,124	420659
8,60,122,124,516	421053
8,49,84,122,516	422779
8,121,122,171,516	424395
8,49,122,514,516	425084
8,60,121,122,516	428342
8,122,124,171,516	428380
8,49,122,516,878	431939
8,51,121,122,124	432395
8,49,51,60,122	434486
8,49,51,121,516	440814
49,51,121,122,516	442114
8,49,51,124,516	442244
49,51,122,124,516	444207
8,51,121,122,516	455143
8,49,121,124,516	456673
8,49,60,122,124	457153
8,49,121,122,171	458464
49,121,122,124,516	458761
8,51,122,124,516	458901
8,49,51,122,171	458999
8,49,60,121,122	460130
8,121,122,124,516	475113
8,49,122,124,171	475970
8,49,60,122,516	478583
8,49,51,121,122	491505
8,49,122,171,516	503451
8,49,121,122,124	518347
8,49,51,122,124	521876
8,49,51,122,516	540435
8,49,121,122,516	543574
8,49,122,124,516	557056
22,49,51,122,124,516	300106
8,49,51,124,379,516	300245
49,60,121,124,171,516	300280
49,84,122,124,171,516	300293
49,51,122,124,516,878	300296
49,51,122,124,379,516	300615
8,49,51,122,171,514	300732
8,51,84,121,124,516	300803
8,49,122,124,469,516	300939
8,49,51,121,516,878	301082
8,60,121,122,124,514	301093
51,84,121,122,124,516	301380
8,49,51,121,124,514	301453
49,51,121,122,516,878	301516
8,20,121,122,124,516	301596
8,49,121,122,123,516	301606
1,8,49,121,122,124	301878
8,49,60,121,122,878	302018
8,49,51,60,124,171	302037
8,49,60,122,124,379	302057
8,49,121,122,171,878	302069
49,51,121,122,124,514	302143
8,22,60,121,122,516	302148
8,49,122,171,476,516	302157
8,20,49,60,121,122	302226
8,49,121,122,171,379	302377
8,49,51,122,171,878	302421
8,49,51,122,124,476	302425
49,51,60,122,124,171	302690
8,51,81,121,122,516	302749
8,49,51,121,122,146	302768
1,8,49,51,122,516	302933
8,49,51,121,122,511	302966
8,121,122,124,146,516	302976
6,8,49,121,122,516	303118
8,51,60,84,122,516	303187
8,60,122,124,514,516	303326
8,49,51,121,379,516	303440
8,51,60,84,121,122	303517
8,49,60,121,514,516	303633
8,49,60,121,122,146	303655
49,51,121,122,379,516	303774
8,84,121,122,124,171	303796
8,49,122,124,171,379	303949
49,60,121,122,514,516	304060
8,49,60,84,122,171	304228
8,49,81,121,124,516	304371
8,20,49,51,121,122	304819
49,81,121,122,124,516	304856
8,60,121,124,171,516	304977
8,49,60,81,121,122	305121
8,22,49,51,121,516	305343
8,51,122,124,516,878	305349
60,121,122,124,171,516	305473
8,49,51,121,122,476	305525
8,22,51,122,124,516	305627
22,49,51,121,122,516	305837
8,51,122,124,379,516	305843
8,49,121,124,516,878	305981
8,84,122,124,171,516	306156
8,49,51,60,122,514	306191
8,49,84,121,171,516	306196
8,51,121,122,516,878	306305
49,121,122,124,516,878	306501
8,49,122,124,146,171	306643
8,20,49,51,122,516	306704
8,51,121,122,124,514	306724
49,84,121,122,171,516	306907
8,49,60,122,124,146	307284
8,49,122,124,171,878	307286
8,49,60,121,122,379	307307
8,22,49,122,124,171	307697
8,51,60,122,124,171	307725
8,49,60,84,124,516	308030
8,51,121,122,379,516	308150
49,60,84,122,124,516	308709
1,8,49,51,122,124	308767
8,49,51,60,121,171	308798
8,60,121,122,514,516	308983
49,51,60,121,122,171	309232
8,81,121,122,124,516	309480
8,49,51,122,124,146	309494
8,49,51,124,514,516	309495
8,49,60,84,121,124	309797
8,49,121,124,379,516	309961
49,51,122,124,514,516	310006
8,49,121,122,469,516	310231
8,22,49,60,122,124	310354
49,121,122,124,379,516	310423
8,22,49,121,122,171	310483
49,60,84,121,122,124	310622
8,49,60,81,122,516	311041
1,8,49,121,122,516	311216
8,49,121,122,124,511	311219
8,22,51,121,122,516	311299
1,8,49,122,124,516	311343
8,49,60,122,146,516	311701
8,121,122,124,516,878	311765
49,51,121,124,171,516	311899
8,49,60,122,516,878	312035
8,49,51,84,122,171	312186
8,84,121,122,171,516	312468
8,49,51,121,514,516	312488
8,49,81,122,171,516	312780
49,51,121,122,514,516	312914
8,49,51,81,122,124	313147
8,49,122,146,171,516	313531
8,49,122,124,171,514	313876
8,49,121,122,124,476	314100
8,51,60,121,122,171	314490
8,49,51,84,121,124	314494
8,60,84,122,124,516	314719
8,49,121,122,171,514	314838
8,51,122,124,514,516	314843
8,20,49,122,124,516	314930
8,20,49,121,122,124	315011
8,49,51,122,511,516	315261
8,121,122,124,379,516	315453
49,51,84,121,122,124	315726
8,49,51,60,171,516	315775
8,22,49,121,124,516	315790
49,51,60,122,171,516	316278
8,49,51,84,124,516	316429
8,51,121,124,171,516	316460
8,49,60,122,379,516	316600
22,49,121,122,124,516	316601
8,60,84,121,122,124	316689
8,49,51,122,146,516	316885
51,121,122,124,171,516	316970
49,51,84,122,124,516	317083
8,49,51,81,121,122	317427
8,22,49,60,121,122	317450
8,51,121,122,514,516	317641
8,49,60,84,121,516	317946
49,60,84,121,122,516	318721
8,49,51,60,84,122	318950
8,49,60,121,124,171	319040
8,49,122,171,379,516	319497
49,60,121,122,124,171	319706
8,49,51,122,476,516	319922
8,49,122,124,511,516	320065
49,51,60,121,124,516	320218
8,51,84,121,122,124	320854
8,51,60,122,171,516	321722
8,22,49,60,122,516	321740
8,49,60,122,124,514	321791
8,22,49,122,171,516	322678
8,49,51,121,122,379	322697
8,51,84,122,124,516	322743
8,22,49,51,122,124	322792
8,22,121,122,124,516	323941
8,49,60,124,171,516	324045
8,49,51,84,121,516	324182
8,49,51,121,122,878	324522
49,60,122,124,171,516	324648
8,49,121,122,511,516	324710
49,51,84,121,122,516	324765
8,60,84,121,122,516	324809
8,51,60,121,124,516	325031
8,49,122,171,516,878	325237
8,49,122,124,476,516	325252
8,49,121,124,514,516	325257
51,60,121,122,124,516	325616
8,49,84,122,124,171	325692
8,49,81,121,122,124	325942
49,121,122,124,514,516	325957
8,60,121,122,124,171	326239
8,49,60,121,122,514	326435
8,20,49,121,122,516	326623
8,49,122,171,514,516	326958
8,22,49,51,121,122	327186
8,49,121,122,476,516	328226
8,49,121,122,124,146	328755
8,49,84,121,122,171	329706
8,51,84,121,122,516	330448
8,49,60,121,171,516	331179
8,49,51,121,124,171	331383
8,60,122,124,171,516	331410
8,49,121,122,124,878	331506
8,121,122,124,514,516	331673
8,49,60,122,514,516	331815
49,60,121,122,171,516	331816
49,51,121,122,124,171	332268
8,49,60,84,122,124	332405
8,49,121,122,124,379	332626
8,49,51,81,122,516	333179
8,49,121,122,146,516	333638
8,49,51,122,124,514	333981
8,49,84,122,171,516	335096
8,49,51,121,122,514	335302
8,49,84,121,124,516	335638
49,84,121,122,124,516	336537
8,60,121,122,171,516	338436
8,51,121,122,124,171	338446
8,49,81,122,124,516	338664
8,49,51,60,122,171	338806
8,22,49,51,122,516	339407
8,49,122,124,146,516	339947
8,49,51,122,124,379	340136
8,49,51,60,121,124	340138
49,51,60,121,122,124	340961
8,49,51,84,122,124	341460
8,49,60,84,122,516	341779
8,49,60,84,121,122	341962
8,49,51,122,379,516	342740
8,49,81,121,122,516	343234
8,84,121,122,124,516	343267
8,22,49,121,122,124	343369
8,49,51,122,124,878	343393
8,49,51,124,171,516	344948
49,51,122,124,171,516	345893
8,49,51,60,124,516	346170
49,51,60,122,124,516	346786
8,51,60,121,122,124	347617
8,49,122,124,379,516	347775
8,49,51,121,171,516	347881
8,49,121,122,379,516	348324
49,51,121,122,171,516	348385
8,49,51,122,514,516	348523
8,49,51,84,121,122	348924
8,49,121,122,516,878	349933
8,49,51,122,516,878	350608
8,22,49,122,124,516	351160
8,49,60,122,124,171	352038
8,49,122,124,516,878	352795
8,51,122,124,171,516	353248
8,49,51,84,122,516	353265
8,51,60,122,124,516	353537
8,49,51,60,121,516	354181
8,49,121,122,124,514	354658
49,51,60,121,122,516	354732
8,51,121,122,171,516	355145
8,22,49,121,122,516	355832
8,49,60,121,122,171	356830
8,49,121,124,171,516	357040
49,121,122,124,171,516	357790
8,51,60,121,122,516	361581
8,49,122,124,514,516	364437
8,49,121,122,514,516	365246
8,49,60,121,124,516	366081
8,49,84,121,122,124	366369
8,121,122,124,171,516	366840
49,60,121,122,124,516	366945
8,49,84,122,124,516	367022
8,49,60,122,171,516	367395
8,49,51,60,122,124	374252
8,49,84,121,122,516	374826
8,60,121,122,124,516	375241
8,49,51,121,122,171	375621
8,49,51,122,124,171	379058
8,49,51,60,121,122	381452
8,49,51,121,124,516	383591
49,51,121,122,124,516	384507
8,49,121,122,124,171	389830
8,49,51,60,122,516	392933
8,51,121,122,124,516	392975
8,49,60,121,122,124	398534
8,49,51,122,171,516	401748
8,49,60,122,124,516	406610
8,49,121,122,171,516	409519
8,49,122,124,171,516	410812
8,49,60,121,122,516	414398
8,49,51,121,122,124	417878
8,49,51,121,122,516	440610
8,49,51,122,124,516	441787
8,49,121,122,124,516	456361
8,49,51,122,124,379,516	300157
49,60,121,122,124,171,516	300239
8,51,84,121,122,124,516	300757
8,49,51,121,122,516,878	301032
8,49,51,121,122,124,514	301387
8,49,51,60,122,124,171	301957
8,49,51,121,122,379,516	303390
8,49,60,121,122,514,516	303544
8,49,81,121,122,124,516	304286
8,60,121,122,124,171,516	304925
8,22,49,51,121,122,516	305268
8,49,121,122,124,516,878	305881
8,49,84,121,122,171,516	306118
8,49,60,84,122,124,516	307935
8,49,51,60,121,122,171	308734
8,49,51,122,124,514,516	309364
8,49,60,84,121,122,124	309708
8,49,121,122,124,379,516	309882
8,49,51,121,124,171,516	311468
49,51,121,122,124,171,516	311849
8,49,51,121,122,514,516	312431
8,49,51,84,121,122,124	314423
8,49,51,60,122,171,516	315683
8,22,49,121,122,124,516	315690
8,49,51,84,122,124,516	316337
8,51,121,122,124,171,516	316402
8,49,60,84,121,122,516	317855
8,49,60,121,122,124,171	318953
8,49,51,60,121,124,516	319774
49,51,60,121,122,124,516	320176
8,49,60,122,124,171,516	323924
8,49,51,84,121,122,516	324110
8,51,60,121,122,124,516	324984
8,49,121,122,124,514,516	325163
8,49,60,121,122,171,516	331091
8,49,51,121,122,124,171	331285
8,49,84,121,122,124,516	335551
8,49,51,60,121,122,124	340071
8,49,51,122,124,171,516	344777
8,49,51,60,122,124,516	346024
8,49,51,121,122,171,516	347776
8,49,51,60,121,122,516	354109
8,49,121,122,124,171,516	356893
8,49,60,121,122,124,516	365982
8,49,51,121,122,124,516	383501
8,49,51,121,122,124,171,516	311419
8,49,51,60,121,122,124,516	319742
